# Logistic Regression Model Export
# Classes: 3
# Features: 1544
# Format: intercept_values, then coefficients (row-major)

INTERCEPT
-0.2206572094
0.4082052110
-0.1875480016

COEFFICIENTS
0.0000000000
0.0000000000
0.0000000000
0.0000000000
0.0000000000
0.0000000000
0.0000000000
0.0000000000
0.0343704844
-0.1137374448
0.0648911108
-0.0231635912
-0.0891435585
-0.0446328043
-0.1810188437
-0.0066495202
0.0083978626
-0.0604928774
-0.0208883382
-0.0340709171
-0.0636276177
-0.0121901547
-0.1572822937
-0.0357138987
0.0039293210
-0.0530223104
-0.0349020925
-0.1208062777
-0.1233993300
-0.0855501541
-0.1301873097
0.0385000523
-0.0250673009
-0.0516326549
-0.0565038645
-0.0465123208
-0.1050011314
-0.0892384567
-0.2294175775
0.0057532417
-0.2462623963
-0.2171378240
-0.0776461414
-0.0813324709
-0.1131010671
-0.1398161817
0.0172656056
0.0261564484
0.0210712699
-0.1272114923
0.2564933597
-0.0547365981
-0.0644009088
0.1235432574
0.0696755599
0.1893099323
0.0000000000
0.0000000000
0.0000000000
0.0000000000
0.0000000000
0.0000000000
0.0000000000
0.0000000000
-0.0862560464
-0.0641248801
0.0322223211
0.0178389698
0.1711070780
0.0458072747
-0.0451376510
-0.0838385706
0.2892912683
0.0980425436
-0.0986080335
-0.1326572717
-0.0596959734
-0.1926209521
0.0184496972
-0.1904824701
0.0220809375
-0.1753293029
-0.1215925929
-0.0644291266
-0.1245901711
-0.1141909816
-0.1563101133
0.0049183925
-0.0160696058
-0.1124368642
-0.1637844375
-0.1383210585
-0.1103442766
-0.1704622120
-0.1439020430
0.0036814318
-0.1717652106
-0.1930933351
-0.1880539270
-0.1822196449
-0.1618391693
-0.0610336314
-0.0640524677
0.0012233754
0.0192918533
-0.1937330280
-0.0646475728
-0.1803507126
-0.0559526931
-0.0079435275
0.0112219607
-0.2985839569
-0.2898325215
-0.2316135479
-0.1154071084
0.0180523500
0.0143027456
-0.1173907287
0.0824059392
-0.1363513234
0.2128302250
-0.0775679556
0.1453836812
-0.1222724293
-0.2892623053
0.0317699863
-0.2424970994
-0.0822637554
-0.0338240751
-0.2294240271
-0.2251774883
-0.0158484204
0.0161188129
-0.1684420213
-0.4500149367
-0.0879351819
-0.2118309929
-0.2954334616
-0.2201481502
-0.1994447190
-0.2003268763
-0.2087127343
-0.3179616907
-0.2140680539
-0.2348722144
-0.1995640175
-0.1966482930
-0.1974107456
-0.2441889535
-0.2255549619
-0.2504622566
-0.2522845633
-0.2000291613
-0.1854907119
-0.1876642447
-0.3351615380
-0.1518421367
-0.2401055082
-0.1265208283
-0.1925911601
-0.4064970248
-0.2074033039
-0.2183088160
-0.0981593406
-0.2638945480
-0.1391176136
-0.2663225519
-0.1264631486
-0.2422282433
-0.2461671114
0.0295922749
-0.3417704284
-0.1832414079
0.0181072891
-0.2198462796
-0.3332172542
-0.3083624194
-0.1118574355
-0.2658137298
0.0431619463
0.1269640326
-0.0190025841
-0.1495824725
-0.3433811846
-0.3048662449
0.3434029652
0.0831091285
0.0695859816
-0.1720901780
-0.0646985704
-0.0569215982
-0.3272446701
-0.1364035402
-0.1262409582
-0.2439142925
-0.2247597101
-0.2626960967
-0.1791689401
-0.2827488779
-0.1246549295
-0.0278952398
-0.1243678419
-0.2305277067
-0.1809775109
-0.2903269028
-0.2195660070
-0.3176560233
-0.1613215171
-0.1677512801
-0.0974876668
-0.2408624611
-0.1525947762
-0.1756152349
-0.1060916839
-0.2627675323
-0.2546257502
-0.1268081836
-0.1394375106
-0.2155909230
-0.3308653864
-0.2712844535
-0.2282072285
-0.1286374791
-0.1190708291
-0.1854775826
-0.2229869513
-0.2566849570
-0.2158731405
-0.3339900923
-0.1189704907
-0.3162875685
-0.1715839710
-0.0860060833
-0.3020169610
-0.3588342974
-0.4064670597
-0.2524337697
-0.3510195352
0.0592703334
-0.1196339290
-0.3228742520
-0.2416187070
-0.1979827083
-0.5533225604
-0.3116022635
-0.2680990348
-0.3304379703
-0.4139896418
-0.0849130489
0.0955307382
0.1907542170
0.3375048098
0.3566454215
-0.0448948775
0.0276118328
-0.2489256542
-0.3188543589
-0.2660099920
-0.4970201461
-0.5253864234
-0.3312035733
-0.5319410007
-0.4124364437
-0.4608580373
-0.4230816127
-0.4258281415
-0.5031370590
-0.5045219367
-0.5082141898
-0.5835649118
-0.6308639314
-0.7832718985
-0.3342162486
-0.4210532866
-0.4333892494
-0.4732635017
-0.4151057185
-0.4920621995
-0.5343827891
-0.4466020443
-0.4339324384
-0.4466285675
-0.4568747120
-0.5135665388
-0.5139533380
-0.4189770746
-0.5259594076
-0.4748959768
-0.5367390271
-0.4484232501
-0.3446983651
-0.6228341952
-0.4739764961
-0.4830141742
-0.3631051951
-0.5293370514
-0.6675298395
-0.4121995582
-0.5573880782
-0.5111228878
-0.6012788687
-0.6005047492
-0.6065255328
-0.7522881806
-0.6933352064
-0.6317011346
-0.5881723653
-0.3252468262
-0.1659787157
-0.7195257856
-0.6513861107
-1.0428463550
-0.6586199048
-0.4850021625
-0.8245454480
-0.1372347046
-0.5926984645
-0.8106029671
-0.6568416682
-0.7316296745
0.0185351921
-0.0175695188
-0.0797021054
0.1212036501
0.0567335006
0.1433314036
-0.1439193041
-0.0777693276
0.2419838906
-0.0675266081
-0.0865925878
0.0256401241
0.0819897141
-0.0954363285
-0.1020879123
-0.1044077669
-0.1134521081
-0.0416431110
0.0977023185
0.0503587844
-0.0744676099
-0.0116574479
-0.0301558968
0.0976533913
0.2041147363
0.2983735009
0.3714678035
0.0865445471
-0.0508143328
0.0567078217
0.0756926087
0.1152613792
0.0974118588
0.2379854352
0.3027712183
-0.0775366678
0.1809240253
0.3941792425
0.5442423431
0.1524530565
-0.1143923062
-0.1915753134
0.1213295461
0.0579022518
0.1270912765
-0.0178210043
0.1708601761
0.1037294637
-0.0715825202
0.1109266946
-0.0620901284
0.1093084233
-0.0746806581
-0.1242902203
0.0950010178
-0.0188821218
0.0025999623
0.0071515328
-0.0699040523
-0.0244136202
-0.0361421834
0.0953422041
0.0384575683
0.0215680024
0.0000000000
0.0000000000
0.0000000000
0.0000000000
0.0000000000
0.0000000000
0.0000000000
0.0000000000
0.3154113337
0.0031018377
0.0472444737
-0.1108755582
0.0583966663
0.2194882082
-0.2547926545
-0.0058939421
0.1216660814
-0.1231857281
0.1842989099
0.2156966942
0.1370000528
0.1699981088
0.0672056776
0.0047854400
-0.0390496841
-0.0332711906
0.0128642863
0.0747383020
0.1891916977
0.0533128547
0.0676028910
0.0809297470
-0.0444809297
-0.0418383371
0.0389463956
0.0875968706
0.0597263289
0.0735779273
-0.0080485450
-0.0058214781
-0.0713701462
-0.0372543101
0.0132161396
0.0820345600
0.0999324138
0.0117366936
0.0487976974
-0.0496662142
-0.0633398072
-0.0074785177
-0.0276623886
0.0660226603
0.0675832795
0.0212004485
0.0336124027
-0.0433584193
0.0000000000
0.0000000000
0.0000000000
0.0000000000
0.0000000000
0.0000000000
0.0000000000
0.0000000000
0.2907694937
0.2364934425
0.1907610870
0.4023860552
0.4653598533
0.3426647096
-0.0335159780
0.6198497161
0.4153906717
0.3098701720
0.6453934812
0.2593908061
0.5728846693
0.4879554991
0.2303048678
0.4203196598
0.4362182529
0.4066514859
0.4005687158
0.4684396770
0.4022713762
0.4650921570
0.4910431302
0.6661458687
0.3470086087
0.3147320930
0.3823336199
0.3802594469
0.2775324214
0.5119583712
0.3088068786
0.2842819252
0.2502470650
0.2919846255
0.2896629801
0.2679281724
0.2780860612
0.3338495561
0.2223048172
0.3083729954
0.1313433013
0.2396067776
0.2883107980
0.2124457054
0.2627304595
0.2676129956
0.3984203635
0.2812943216
0.0116148170
0.1913315786
0.3110042426
0.2928225256
0.2880443927
0.3279801080
0.2495260730
0.1590618525
0.4549560751
0.2358428114
0.0033117554
0.2007416371
0.2124878183
0.3436272749
0.2152905111
0.2562967141
0.6155582708
0.2643595605
0.2199410638
0.0621260442
0.2830849585
0.2290735414
0.1716739546
0.5227775956
0.3734159811
0.5430806085
0.4187141234
0.2229364181
0.2469117877
0.6469070249
0.2336119648
0.4455823146
0.4317971564
0.3312452857
0.3370713025
0.4508496180
0.4786713654
0.3109778796
0.4723148870
0.5132992430
0.3235933762
0.3571672657
0.4951342466
0.5549893295
0.3566962924
0.5280638749
0.3635604347
0.5231286631
0.4616441132
0.4020145405
0.3952523546
0.4308324792
0.3848681879
0.3290609777
0.4219236888
0.4333997781
0.3417007412
0.4046368971
0.3347256324
0.3670190942
0.3586941941
0.3290225636
0.4241487497
0.4102450681
0.5029530397
0.3845800331
0.4471543950
0.2903126082
0.3534867250
0.3986304949
0.4216399853
0.4265981910
0.4267834239
0.5044304026
0.3081029616
0.1159523704
0.4855786157
0.3255624795
0.2242784647
0.4637533968
0.2995389375
0.2552622554
0.1193885466
-0.1019463536
0.1396920542
0.1377043428
0.0753636540
0.5043174356
0.4655073022
0.5356023047
0.6659683980
0.5454489411
0.5668513499
0.6552525039
0.3890476755
0.4268652611
0.3449133919
0.6192052856
0.4391012287
0.5388801674
0.3909692300
0.3973269561
0.7057210918
0.5628969051
0.3316380726
0.1317399273
0.5827726684
0.4216821536
0.6242970181
0.5558118021
0.3774971833
0.3472682595
0.3529903917
0.0842352467
0.4407837162
0.2173294851
0.3053053403
0.1739987582
0.3171736226
0.4100606686
0.1180495403
0.1481759413
0.2718468158
0.0750818253
0.1827791080
0.3180136387
0.3651099201
0.3979039389
0.2170122818
0.2527620573
0.2096735521
0.3194175999
0.3068879868
0.2806910596
0.2131763085
0.3386469377
0.3295955076
0.2969916473
0.3903058855
0.3373830305
0.3340931480
0.3509510373
0.3589285851
0.3401072320
1.0332798726
0.8444351912
0.5503143548
-0.0573210955
0.9175973710
0.8261683149
0.8614547692
1.1590358551
1.1174353122
0.9484809970
0.9281754165
0.3315643053
0.4193726695
1.1289566122
1.0079639120
1.0854965067
0.9436587694
0.6308959957
0.9061366724
0.8912132280
0.9904352217
0.3956424727
0.6817114671
0.8576503686
0.6659134671
0.8099267203
0.8230307825
0.8125155952
0.6927483666
0.8697234477
0.8934126492
0.9474053457
0.7640868248
0.5794650283
0.7083623826
0.6824520633
0.8220501644
0.8392906141
0.7778686152
0.9177758826
0.7334760792
0.8429787680
0.7333681475
0.6357999882
0.6610381933
0.7608266997
0.7997079998
0.6545956645
0.6802036333
0.6431059056
0.7969123449
0.7537759236
0.7910573909
0.7231931333
0.7474533384
0.8895656704
0.6189526697
0.6831165266
0.6881945208
0.7458805776
0.7262418721
0.5774711652
0.6559644591
0.8408056296
-0.1090715117
0.1411073357
-0.0343563112
0.0804770743
-0.0795365814
-0.0426880156
-0.0483044150
-0.0563275111
-0.0949187547
-0.0605473553
0.1238351034
0.0601568959
-0.2590242626
-0.2256748956
-0.1561550301
-0.0027629121
-0.1833621199
-0.1277598293
-0.2373277681
0.2120473246
0.0005856914
0.0205685703
0.0624287003
0.0139262152
-0.3113843106
-0.1007826717
0.2437593425
0.1237535440
0.0013856981
-0.0418312596
-0.1330081319
0.0352758442
-0.0970745166
-0.0346169386
0.0728441445
0.1751649154
0.0710658748
-0.2423971052
-0.1084859267
-0.1476354040
-0.0321333148
0.0798415372
0.0679950570
-0.0997395668
-0.0984541778
0.0529245204
-0.0392390383
0.0852526066
0.4113217386
0.2632309780
0.2871356403
0.1301014299
0.1641051272
0.2190972757
0.2337071884
0.2748154844
0.5686543664
0.4683575617
0.4010800090
0.1251018491
0.2527689442
0.1831982915
0.3383806705
0.2931639894
-0.1684943884
0.0021821300
0.0514209124
0.0054033334
0.0000000000
0.0000000000
0.0000000000
0.0000000000
0.0000000000
0.0000000000
0.0000000000
0.0000000000
-0.1774347554
-0.1268076310
-0.2278854234
0.0063338688
-0.2174188871
-0.2054897691
-0.1556231695
-0.1269800006
-0.2135635051
-0.1545292323
-0.2076200493
-0.1634879259
-0.2430072075
-0.2565692969
-0.1647385923
-0.1931688208
-0.1996381276
-0.1791992338
-0.1891697408
-0.2006586908
-0.1446060814
-0.1561144825
-0.1976216376
-0.2002066512
-0.2425193063
-0.1455060697
-0.2320163067
-0.1547717999
-0.1788968735
-0.1443470544
-0.0989517318
-0.2243221860
-0.2029802898
-0.2035927829
-0.3359776935
-0.2408982892
-0.2328088294
-0.3015938552
-0.3323356201
-0.2976975121
-0.5939116226
-0.4829514413
-0.7239156005
-0.4746938223
-0.4596911713
-0.5552903228
-0.5412166378
-0.4624607984
0.0000000000
0.0000000000
0.0000000000
0.0000000000
0.0000000000
0.0000000000
0.0000000000
0.0000000000
-0.0964119601
-0.2661008036
-0.5068096219
-0.4904511300
-0.7282800535
-0.6697273788
-0.3504357328
-0.0019109506
-0.5060048845
-0.5718693102
-0.4813006655
-0.4224064593
-0.5167960019
-0.4660768866
-0.6905288244
-0.2098206407
-0.6064245111
-0.5034553078
-0.5462207165
-0.5592394725
-0.4748538164
-0.6090098102
-0.4490413222
-0.6398468553
-0.4994473632
-0.6263834044
-0.5283457062
-0.6549477163
-0.6390189432
-0.4746641448
-0.4138763021
-0.4457182497
-0.4666009017
-0.5403625987
-0.5519267184
-0.6627101298
-0.5615999378
-0.7811784820
-0.5841863223
-0.5639354883
-0.5359954098
-0.5862644329
-0.6237194348
-0.5275033512
-0.6336192493
-0.5746694394
-0.8276853503
-0.3305902947
-0.4142842180
-0.4006320591
-0.5960044727
-0.7363875776
-0.7439192111
-0.5802504619
-0.4415272557
-0.0639878777
-0.5084415227
-0.3419397185
-0.6682225910
-0.3202922449
-0.0718679312
-0.3144804125
-0.4108930664
-0.1770954777
-0.2900908135
-0.4672714643
-0.3096368745
-0.6577404106
-0.7805743277
-0.4314313769
-0.0487101671
-0.5723543724
-0.3150277040
-0.3141566761
-0.4214408194
-0.4164754233
-0.5828603848
-0.4770903972
-0.4853504318
-0.3684965744
-0.4627502766
-0.5553031392
-0.6076887655
-0.6170200162
-0.5092284667
-0.5929785553
-0.3692569730
-0.4423269484
-0.4622585714
-0.5296027495
-0.6247013217
-0.3713518503
-0.6750998582
-0.4098731290
-0.7521021337
-0.4550687174
-0.2700845443
-0.5689566550
-0.6033386629
-0.6772042263
-0.4845641134
-0.6367523918
-0.4387616188
-0.3835729356
-0.4874263213
-0.5358138795
-0.7349091504
-0.4229917887
-0.6333155203
-0.7984410135
-0.4987452417
-0.3813753829
-0.3491145608
-0.5553815781
-0.5268546454
-0.9825758968
-0.7911607780
-0.6287455615
-0.4693929525
-0.3302870658
-0.3623491446
-0.7923250102
-0.6216568337
-0.8441418979
-0.4669739838
-0.3979611655
-0.3889348317
-0.4311434730
-0.7696172645
-0.8395327948
-0.7003244946
-0.8275463545
-0.7169410254
-0.8166736869
-0.7351440795
-0.7026198329
-0.7821270370
-0.8247530295
-0.7673622214
-0.6972632897
-0.7340418866
-0.8334405761
-0.7422459207
-0.6866167792
-0.6255256886
-0.9400712332
-0.7103636546
-0.7918859902
-0.7229687272
-0.7742211760
-0.8209424405
-0.7108687885
-0.8799482774
-0.8384912994
-0.8149495520
-0.7679268445
-0.6852152970
-0.7671050414
-0.7587273495
-0.8483085160
-0.8700355481
-0.9404096795
-0.9653071214
-0.7963503407
-0.6773479341
-0.7875612509
-0.7279016939
-0.9412801862
-0.9183690055
-0.8460267891
-0.7898742329
-0.7689823556
-0.8768632783
-0.6817663170
-0.9777388085
-0.9354127518
-0.8513212986
-0.9132261304
-0.8451812441
-0.6739313988
-0.8200718338
-0.8772143929
-0.8295169921
-0.7680260021
-0.8555737350
-1.0519713330
-1.0874967441
-1.1739866093
-1.2653242198
-0.8939205393
-0.9332199268
-0.7782064288
-1.3320842617
-1.3991576780
-0.7910126650
-1.0912287948
-1.2977392844
-0.9057950033
-0.7749953785
-0.7429377270
-0.8037949311
-1.0705994664
-1.1030473748
-1.2230719695
-1.1342190224
-1.0821741026
-0.8534905002
-0.7913764591
-1.0988183814
-1.1751316398
-1.3380469781
-1.2735394508
-1.3376678893
-1.2333846351
-1.1295019394
-1.0400560270
-1.1405168492
-1.2882098973
-1.1305596736
-1.2611070621
-1.3531532260
-1.3395104654
-1.1401510198
-1.3174970295
-1.1180222238
-1.1538625504
-1.4159067047
-1.0760190439
-1.3369981477
-1.4650244006
-1.5023417726
-1.3190796104
-1.0941565282
-1.4706338918
-1.2177150181
-1.3484985113
-1.3240473183
-1.4193351318
-1.4460053893
-1.2283987256
-0.7229748626
-0.9706279729
-1.0543402652
-1.4837917826
-1.7922890799
-1.3254299618
-1.2133753079
-0.7157074330
-1.0743506900
-1.3580782082
-0.9654457680
-1.5983955935
-1.2071779681
-1.2562359807
-1.0274286898
-1.1181139185
0.0899549917
0.0911375985
0.0947117576
0.0946595521
0.0746427852
0.0912983655
0.1154813585
0.1674730018
-0.0585321708
0.0738832686
0.0509513107
-0.0309743662
-0.0548807285
0.0539202706
0.0183090509
0.1248525202
-0.0029375513
0.0267623368
-0.0723473692
-0.0208825402
-0.0512243355
-0.1147456582
-0.0352934278
-0.0447679513
-0.1376710597
-0.2294072500
-0.2113264307
-0.0817505341
-0.1320832994
-0.0745282376
-0.1270837362
-0.0419854598
-0.0776088209
-0.1602763899
-0.2855956144
-0.1257765206
-0.1790968077
-0.2750900412
-0.2981517670
-0.0995084196
0.0508160237
-0.0912306274
-0.1698378928
-0.1864430418
-0.2039969103
-0.1981936420
-0.2049829941
-0.0304154687
0.2401529429
0.0588041859
-0.2803066683
0.0060892698
-0.1981246582
-0.3234239672
-0.1391397759
0.1340963650
0.2337244604
0.2491671966
-0.1636856978
-0.2357500584
-0.0984198363
-0.0857275684
-0.0332233759
0.1854751522
0.0000000000
0.0000000000
0.0000000000
0.0000000000
0.0000000000
0.0000000000
0.0000000000
0.0000000000
0.8475619942
0.9112907303
0.8564068528
0.8464885011
0.7669313475
0.7268959869
0.9029115484
0.7396856690
0.6026201864
0.7118396455
0.5583995782
0.5081090024
0.5626677116
0.4921213367
0.5836114849
0.5409418994
0.5073952158
0.4852102151
0.4836015788
0.4419928291
0.3327976541
0.3935600227
0.4606484798
0.3847696255
0.4491548659
0.4126247458
0.3616486994
0.3480541649
0.3292431847
0.2850745943
0.3904815168
0.3829275710
0.4736321297
0.4073751497
0.3898023154
0.2727908279
0.3633628443
0.3865159434
0.3973018750
0.4272366032
0.4916288248
0.4525724414
0.4424537039
0.2111465843
0.3935109319
0.4530687395
0.4281320834
0.4191511091
0.0000000000
0.0000000000
0.0000000000
0.0000000000
0.0000000000
0.0000000000
0.0000000000
0.0000000000
0.6456653905
0.4583740374
0.6544287590
0.4974539340
0.5565026501
0.6586255118
0.3660722002
0.1172688486
0.4816784868
0.5956457674
0.2424299373
0.8016180600
0.3859045030
0.5291264096
0.6037317673
0.3213385154
0.4438349766
0.4620563740
0.5140439206
0.5419586829
0.7910513512
0.5069295312
0.5604099913
0.2702827587
0.5530469836
0.5713291807
0.5477294928
0.6096657230
0.6686419860
0.5356341324
0.7107095149
0.6266733420
0.3876149078
0.5011245917
0.7068184155
0.6628849970
0.6408191628
0.6030442638
0.6743744780
0.4959537234
0.4641823098
0.5149472300
0.5612817267
0.6982467989
0.5527713197
0.5925556175
0.5216311494
0.3871284940
0.8922329215
0.4920676179
0.4436203918
0.5061910793
0.4366308462
0.3816070039
0.4307734514
0.5472178196
-0.0745496163
0.1908513955
0.5181345750
0.4955650583
0.4278287961
0.4232872159
0.1601568893
0.2437641513
0.5327546183
0.6455621637
0.4247646497
0.8817319799
0.3006872075
0.3671786152
0.5920138047
0.6166954966
0.6618040958
0.3669837188
0.4131197828
0.4568644598
0.5592738898
0.4282278853
0.5898730697
0.4660201447
0.4711083925
0.6249714152
0.5293341115
0.4719855405
0.4281560676
0.5987600783
0.5578581887
0.5632862397
0.5415539598
0.5949019966
0.4431060682
0.4635295219
0.6032365115
0.4428212188
0.6230097176
0.4649674880
0.3799402043
0.4694806445
0.5641329222
0.5396792819
0.5741363685
0.5182224021
0.3466054667
0.3093724023
0.5442436717
0.4636500625
0.6420634137
0.6250415888
0.5873312243
0.6343274207
0.5032322391
0.5509618672
0.4905031828
0.5482531460
0.4156543052
0.5324093222
0.4749882490
0.5131415591
0.5952897344
0.2276128998
0.2560126169
0.5373983683
0.4099939775
0.5964202526
0.3006217635
0.3104754156
0.4707271192
0.5522003750
1.1764816152
1.0653860371
1.3161761514
1.3877365373
1.0796156653
1.2113126729
1.2316566852
1.0152517222
0.9610313003
1.0762439915
0.9762664049
0.9832508606
1.0009348356
0.9495486216
1.1041609318
1.0964015433
0.9956440118
0.8886608232
1.1816303828
1.0356413433
1.0618043900
1.1508960487
0.8958653773
1.0157354990
1.0473213650
1.1879663664
0.8725563090
0.9289395659
0.7761447695
0.8214950207
1.0147245658
1.0330666091
1.0019874627
1.0715713816
0.9287504263
0.9951042313
0.9637201908
1.0861395710
1.0757377104
0.9421166422
1.0635299859
1.0640368619
1.0552869715
1.2833063373
0.9370285083
0.8732923283
1.0407956877
0.9579106003
1.0874800732
1.0255172881
1.0635265769
0.9975702729
0.9831017565
1.0182526402
1.0539812022
0.8668716735
0.8939654425
0.9931832545
0.8846536678
0.9940847023
1.0104942043
0.9377040429
1.0816048154
0.8697906569
1.2623728280
1.3530797367
1.3508285111
1.9823220483
1.1819112638
1.3067884901
1.3848402707
1.2499577855
1.0471580330
1.2184279551
1.2533686862
1.9493102820
1.7520785373
1.3015955780
1.6024641078
1.2984449054
0.9980702630
1.5190790213
1.1755408003
1.2409087687
1.2586108318
1.9530727458
1.6142755153
1.5253504747
1.5415642008
1.5220870170
1.3707186538
1.3586531110
1.4991166479
1.4760264698
1.4437769307
1.1796539392
1.3333149362
1.5274636724
1.5170213100
1.4802847631
1.4023740406
1.4905308359
1.5081091379
1.1222922823
1.4167551730
1.2378926023
1.4733781755
1.6170065698
1.6579184916
1.4905816827
1.6458424869
1.6043901571
1.5413379996
1.5723533781
1.3610789599
1.2525540775
1.2963986359
1.3398586766
1.4447458679
1.1850241969
1.5918943341
1.3829509075
1.3182939682
1.1586089655
1.2518348041
1.4870754641
1.3272835981
1.0079621947
-0.5221195389
0.1570435876
-0.1581339292
0.0441212379
-0.2793914905
-0.0365132775
-0.2794149021
-0.1948547203
-0.0002575086
0.0696397008
0.2315705161
0.0306299640
0.0831427599
0.2848783555
0.1621746388
-0.0531702923
0.0050881756
0.0521305208
0.2474978300
0.0494922729
0.2144427007
0.2152811802
0.1142596927
-0.0383541687
-0.0061156185
0.0625635448
0.0637158021
0.0781868883
0.1673087291
0.1156475681
0.1306221163
-0.0282361314
0.0221110096
0.0134609487
0.0158456639
0.0635773165
0.0498034449
0.0597427683
0.0193002514
-0.0395049236
0.0200261572
-0.0805539862
-0.0960508139
0.0076130780
0.0178866980
-0.0758648265
-0.0406920528
-0.1003093024
-0.3141367375
-0.1578405244
-0.1864515550
-0.1002907680
-0.1296500683
-0.1939938066
-0.1916780872
-0.2109186986
-0.4495877281
-0.2945427500
-0.3973432212
-0.2893843093
-0.3683726967
-0.3087891425
-0.2837019046
-0.3026505436
0.0374719316
-0.0283804627
-0.0601087099
0.0575146767
0.0000000000
0.0000000000
0.0000000000
0.0000000000
0.0000000000
0.0000000000
0.0000000000
0.0000000000
0.0189757373
0.1020536288
-0.0505127521
-0.0169559737
0.0273500252
0.0901941271
0.1911534417
0.0738806229
0.0697563166
0.0727292910
-0.0020649650
-0.0018029350
-0.0001648100
0.0697733035
0.1908803325
0.0908997842
0.0612358156
0.0583098568
0.0128899818
0.0274790233
0.0339563030
0.0575668698
0.1924316081
-0.0115403318
0.0771522914
0.0593020540
0.0632082166
-0.0442972922
0.0249322198
0.0748516458
0.2247190448
-0.0308313505
0.2912887251
0.1798469930
0.0096245305
-0.1903442696
-0.0332533229
-0.0803790503
-0.2309091024
-0.0786602428
-0.1936229128
0.1969583842
-0.2667494778
-0.2103696694
0.0011728215
-0.2296061747
0.0834917423
-0.5185090727
0.0000000000
0.0000000000
0.0000000000
0.0000000000
0.0000000000
0.0000000000
0.0000000000
0.0000000000
-0.1312156143
-0.1658934091
-0.3237247911
-0.1946524701
-0.4242799000
-0.5576626923
-0.1846360225
-0.1593943856
-0.6394783272
-0.6269915751
-0.1539898281
-0.1393844746
-0.2285881411
0.0513323526
-0.2425191725
0.0374708844
-0.1663728956
-0.0772999490
-0.1667494786
-0.2448673019
-0.2009048264
-0.1680802380
-0.2542410984
-0.1303878866
-0.2144687760
-0.1312955135
-0.0954732448
-0.0853049408
-0.1811406902
-0.0483809947
-0.2385588949
-0.3146016099
0.0669171380
-0.0707060373
-0.1469633332
-0.2399202788
-0.1705551882
-0.4464760025
-0.2918812488
-0.4621516707
-0.3375239493
-0.1586044279
-0.2842243923
-0.3545835464
-0.7049244632
-0.4789358172
-0.4509752723
-0.1244251258
-0.4618908596
-0.0907075300
-0.6694576414
-0.0487977328
-0.3036080572
-0.4233194351
-0.2506267876
-0.4654972028
-0.6193585419
-0.3093396032
0.0006088081
-0.3040686940
-0.2641050616
-0.3782088147
-0.1258181946
-0.4025662909
-0.6178431776
-0.2592358023
-0.1889252331
-0.1803410790
-0.4198043302
-0.1581899491
0.1118756075
-0.3423506982
-0.2584956684
-0.2232837242
-0.2261539054
-0.1537745789
-0.1253138091
-0.1064508957
-0.1074253655
-0.3905208385
-0.2325836031
-0.2368755557
-0.2413868735
-0.2000242191
-0.1592030686
-0.0966155796
-0.1706137915
0.0835550312
-0.1616206481
-0.2867315697
-0.1987850289
-0.0004057008
-0.2150476970
-0.2030780543
-0.2051680663
-0.2685420746
-0.3168152485
-0.0975719224
-0.3302133260
-0.4559767427
-0.1572814320
-0.2035925780
-0.1364110714
-0.3303341432
-0.1067673480
-0.2801040646
-0.3145166287
-0.1085928107
-0.1794139680
-0.3586224424
-0.2376125626
-0.2182331265
-0.1618814332
-0.5325404783
-0.4078322393
-0.0904430618
-0.3416772003
-0.4291635741
-0.2485873764
-0.3224961523
-0.3543990712
-0.4355337716
-0.2217563553
-0.2610246172
-0.2653430441
-0.0944331087
-0.2181900879
-0.2356314040
-0.2074714963
-0.1795669802
-0.1361434924
-0.1157760153
-0.0333438882
-0.1302762290
-0.0009046072
-0.2001618811
-0.3140920534
-0.1583851601
-0.0499466156
-0.0473379055
0.1324097359
-0.1103617842
0.1312954271
-0.3067326999
-0.1250991812
-0.2729720076
0.0026871283
-0.1369164722
-0.1075092236
-0.1062900314
0.0502511099
-0.0423503376
-0.0031141296
0.0522156733
0.0243362752
0.2114269436
-0.0247459401
0.0390475218
-0.2524888054
-0.2134147221
-0.2533887269
0.0636767036
0.0375327212
-0.1710134748
-0.0330663325
-0.4128752549
-0.1480996354
-0.1257026768
-0.3239475367
-0.2798192326
-0.1573434469
-0.0605895427
-0.2524361812
-0.1043452840
-0.5205538150
-0.3556000307
-0.2586123080
-0.2613583854
-0.4882387489
-0.0940609655
-0.3417766938
-0.3406305372
0.0420091880
-0.1151882688
-0.4033243478
-0.3114068798
-0.4800929757
-0.2779134758
-0.4073941353
0.0449514642
-0.3871576009
-0.2661143239
-0.0920323250
-0.3894579745
-0.3350460792
-0.2470824090
-0.3965791075
0.0744559281
-0.4188174924
-0.5090608084
-0.6544989907
-0.2400408038
-0.2722295131
-0.3204241725
-0.2779683071
-0.1978785959
-0.1046104172
-0.0438179904
-0.3686328735
-0.3676184107
-0.3270850823
-0.2626607236
-0.3725360673
-0.3298988881
-0.2279175384
-0.4470850699
-0.3880060574
-0.2017593225
-0.3234451728
-0.1316687827
-0.3683326543
-0.3123679582
-0.3333323583
-0.4609397415
-0.2137752731
-0.3547490649
-0.4277143331
-0.2229894798
-0.4316110846
-0.3791851711
-0.3900324686
-0.3487400197
-0.1884522706
-0.1068956889
-0.6092275886
-0.5762862626
-0.2353031891
-0.1162066429
-0.2638863864
-0.3057948247
-0.4289737245
-0.2013481598
-0.4860487033
-0.3313181608
-0.1238891134
-0.1447564645
-0.4257438173
-0.1788658885
-0.2062469843
-0.4500900204
-0.0783487765
0.2174618258
-0.3661705883
0.1804325183
-0.1321072254
-0.1508899474
-0.3223009811
-0.3213731297
-0.2656161131
-0.1712369757
-0.2171481635
-0.2657506591
-0.1565620392
-0.2755095480
-0.3070441623
-0.0890231846
0.0606551775
0.0701555822
-0.1194379129
-0.0155847549
-0.1728071256
-0.1240573313
0.0396764713
0.1151282016
-0.1839530288
-0.0170183092
0.1133529155
0.1822482146
0.0558280686
-0.1433913215
-0.1554444775
-0.3118435808
-0.2242390159
-0.0500758964
0.0520513453
-0.0112148547
0.0249855194
-0.1362738755
0.0513472070
-0.3079389344
-0.3130143663
-0.2940427771
-0.2665936339
-0.4145077304
-0.4702117463
-0.1605848339
-0.0544634002
-0.0730231519
-0.0865789223
-0.1548970851
-0.0799802647
-0.1048624521
-0.2661607687
-0.1527478685
-0.0224395511
0.0461413816
-0.0794059110
0.0166135989
0.0921909731
0.0714270620
-0.0375942299
-0.0668818787
0.0685278171
-0.0091492464
-0.0098286755
0.1364508424
0.0534845219
-0.1194572080
-0.0662318837
0.0460796552
0.0000000000
0.0000000000
0.0000000000
0.0000000000
0.0000000000
0.0000000000
0.0000000000
0.0000000000
-0.4533111954
-0.0129207014
0.1961340899
-0.0317515967
-0.0914363548
-0.0361773406
0.2827044995
-0.1215315076
-0.1389905439
0.0928745849
-0.3134095082
-0.2818014325
-0.2191861599
0.0542345961
-0.0911706208
0.0847799794
0.0159375885
0.1079906873
-0.0065023543
-0.0413829382
-0.1392713196
0.0512250003
0.0129969770
-0.1102174835
-0.0361674121
0.1285111262
0.0074435379
0.0013916180
0.0575009076
0.0615968081
0.0852164192
-0.0571210383
0.0171436364
0.0580782791
0.0167776282
-0.0319364211
-0.0272115883
0.0062554213
0.1060451753
0.0411118021
-0.0297806995
0.1079872540
-0.0325903443
-0.0335737704
0.0295133624
0.0884311376
0.1283127446
0.0185162421
0.0000000000
0.0000000000
0.0000000000
0.0000000000
0.0000000000
0.0000000000
0.0000000000
0.0000000000
-0.4223007663
-0.0471281093
-0.2672853689
-0.3391902137
-0.3082784135
-0.2662565124
0.1406787801
-0.4530851956
-0.1091756428
-0.3733369065
-0.4466291749
-0.2951854160
-0.3014536372
-0.2318239325
-0.1290291238
-0.3325644469
-0.2736792673
-0.2730995062
-0.3271786828
-0.4823528505
-0.3760553138
-0.4873121832
-0.3526009064
-0.3782040324
-0.2926329334
-0.2719212798
-0.2725768321
-0.2285470981
-0.0763906057
-0.2586241020
-0.1890387042
-0.1682667084
-0.1638963949
-0.1387165400
-0.0985089347
-0.1410366912
-0.1228137825
-0.1620049722
-0.0842537590
-0.2144398481
-0.2009327549
-0.1043209350
-0.1776936635
-0.1681527643
-0.0439806302
-0.1099859480
-0.1976806189
-0.2347335194
-0.0501099605
-0.1194109597
-0.2873294153
-0.1716247456
-0.1665858895
-0.1684305451
-0.1004855324
-0.0932658773
-0.2811920154
-0.1516925406
-0.1398102972
-0.2364037374
-0.2127278468
-0.3484812219
-0.1550256455
-0.1971976461
-0.4322522738
-0.1473899739
-0.2211391695
-0.4141575292
-0.2022203928
-0.1209509279
-0.0705034998
-0.3584298951
-0.3747918018
-0.3638048880
-0.2374556678
-0.3367911349
-0.4999373635
-0.5715428089
-0.0737914663
-0.2523733080
-0.2386024807
-0.3000961522
-0.2553688722
-0.3036147240
-0.4643639517
-0.4195168833
-0.4060975220
-0.2869974899
-0.0642490074
-0.1632623392
-0.3984189838
-0.2850967988
-0.2024762153
-0.4810939922
-0.1097024046
-0.3948198992
-0.4129963557
-0.4762761402
-0.1553512896
-0.2684122559
-0.0554549247
-0.0682220199
-0.1856629444
-0.1488643050
-0.1370685017
-0.1453229448
-0.1910005655
-0.1301422613
-0.1714246094
-0.0640446486
-0.1680993446
-0.3135951148
-0.2898348749
-0.1268831017
-0.2833624836
-0.1788398236
-0.1314708142
-0.0786994686
-0.1070631413
-0.2350839782
-0.2402455975
-0.2955748758
-0.1363649002
0.0936093624
-0.3720031915
-0.1476088242
0.0171398273
-0.3030308886
-0.2497312242
-0.2076644006
-0.3510003345
-0.3197576784
-0.2160927889
-0.4858603798
-0.1301372870
-0.2453089005
-0.1278195178
-0.3123737030
-0.2546735133
-0.1735326090
-0.1181693605
-0.1195881934
0.0423197021
-0.2626994334
-0.0958020969
-0.2882769030
-0.2168090748
-0.1698853748
-0.1202617316
-0.0993616133
-0.2898976810
-0.3848286797
-0.3326642349
0.0068782004
-0.5469589675
-0.2260040034
-0.2972690551
-0.4937356218
-0.2289239014
-0.0852596905
-0.5303784969
-0.0861656083
-0.3754321866
0.0191006415
-0.3268069084
-0.0219189998
-0.2183879198
-0.1848495615
-0.0368407687
0.1696507509
-0.1860136086
-0.0982072974
-0.0010437751
-0.3547067405
0.0113960194
-0.2064718880
-0.0913386163
0.0707007887
-0.1364037471
-0.1043475177
-0.1367466385
-0.0563883796
0.0589321702
-0.2194609179
-0.1762145913
-0.0955634644
-0.1338631684
-0.1014142907
-0.1245515272
-0.1803532395
-0.1310892688
-0.2438176259
-0.5290765597
-0.1857879795
0.2878564789
-0.0110552909
0.2715861377
-0.0444036626
-0.0275502247
-0.3639455812
-0.3102393827
-0.3154451281
-0.2680570331
-0.0822098165
-0.1286868313
-0.4462673204
-0.4248217933
-0.1831576873
-0.3044953908
-0.1654536226
-0.2765487832
-0.2263702608
-0.4032311650
-0.0920371979
0.0906275317
-0.2455329142
-0.1909291117
-0.3089269373
-0.2148571274
-0.2672101977
-0.0681437680
-0.3362440678
-0.5414595730
-0.4387516111
-0.2709266537
-0.1706267769
-0.2584191923
-0.1740020859
-0.3928994305
-0.3749863593
-0.3396216428
-0.4498355542
-0.2024000888
-0.3212053680
-0.3240398611
-0.1918428489
-0.3338300055
-0.2908649724
-0.4076647712
-0.1072537206
-0.1615866335
-0.2647478163
-0.2622741621
-0.2792810006
-0.3146396040
-0.0980365420
-0.0592307271
-0.2851139104
-0.3752260779
-0.3099287341
-0.1950730433
-0.2117603439
-0.1358421034
-0.2813639162
-0.2046502045
-0.3073867498
0.0423086854
0.0268018394
0.1318051759
0.0539670801
0.1423028488
0.0834537911
0.1437588911
0.0854085847
-0.0357683169
0.1552974934
0.0976908114
-0.0663602883
-0.0935997718
0.1825073910
0.2200534041
-0.0118996619
0.0753863007
-0.1342251167
0.0511298661
0.0073564816
-0.1329325033
-0.0109393802
-0.3203061404
-0.1065357880
-0.0627699429
0.0786205912
-0.3067533207
-0.0892701272
-0.0289517524
0.0375288617
-0.0832613400
-0.2752845492
0.0088387257
-0.0101881533
-0.3166987785
-0.1383487654
-0.2463165005
0.0839789814
-0.2312303603
-0.1301197331
0.0419932756
-0.1076608365
-0.1273014311
0.0148997829
-0.1305469746
-0.1318962694
0.0379684517
-0.3428095857
-0.3624621688
-0.2189720126
-0.2280648417
-0.1281531933
-0.1802962159
-0.1812268976
-0.1549124789
-0.2931966728
-0.6989211750
-0.3950959562
-0.3127680702
-0.1893196332
-0.4250703282
-0.2796912970
-0.2126553445
-0.2414340464
0.1162244402
-0.0424923400
0.1995853062
0.0537854230
0.0000000000
0.0000000000
0.0000000000
0.0000000000
0.0000000000
0.0000000000
0.0000000000
0.0000000000
-0.2923882983
-0.3006848935
-0.1768129274
-0.2469698495
-0.1118308367
-0.2837555991
-0.3209108015
-0.3078483314
-0.2590414339
-0.2369160506
-0.1642771568
-0.1440295427
-0.0899046396
-0.1694284536
-0.2927856406
-0.2374165490
-0.2653703109
-0.2300075270
-0.1687170477
-0.1427840590
-0.1478095955
-0.1865713139
-0.2383564483
-0.1664366112
-0.2303819320
-0.2961726897
-0.2634882092
-0.2018274262
-0.2057101715
-0.2966418015
-0.3017607690
-0.2119159366
-0.4966603868
-0.3863403263
-0.2346625167
-0.1757126561
-0.2676496713
-0.1374965441
-0.1116309236
-0.2561626324
-0.1086970612
-0.2376925691
-0.1326806238
-0.0978013838
-0.3287803266
-0.1043954841
-0.2316158310
-0.1626036499
0.0000000000
0.0000000000
0.0000000000
0.0000000000
0.0000000000
0.0000000000
0.0000000000
0.0000000000
-0.0885783475
-0.0358539872
0.1440772941
-0.0093973235
0.3944977899
0.4712079292
0.0266672669
0.0010717705
-0.0465354416
0.2213150662
0.0814598352
-0.1119372859
0.0790479340
-0.1661891506
0.1102335567
-0.3365970936
0.1087252768
0.1017950501
-0.0284772993
0.0629560698
-0.0444908265
0.0217506049
0.0653556104
0.0390500216
-0.0464729760
-0.0632093043
-0.1552684202
0.0025992750
-0.0560812545
-0.1389248196
-0.1161253210
-0.0237164004
-0.1367928882
-0.1392580407
-0.0916544941
0.0599491379
-0.0881915974
0.2317291870
-0.1025192676
0.1971958048
0.1331468884
0.0548472078
-0.0052600015
0.1194726226
0.2811199411
-0.0197685486
0.1019195713
-0.2167093503
0.1438889739
-0.0482967889
0.1329878489
-0.1333640798
0.0839566670
0.0448824098
-0.2583379010
-0.4244202222
-0.1078330678
0.0089677054
-0.2047832831
-0.2082406285
-0.2776462069
-0.0434802219
0.2693720290
-0.2261031943
-0.0973443106
0.1066002253
0.0041904369
0.1200966868
0.3248242125
0.0972242279
-0.3875046815
0.0164730851
-0.1899889335
-0.0232450105
0.0199940482
-0.1447389885
0.1287845288
-0.1768834159
-0.0121010119
0.3191267158
0.1296171835
-0.0026763340
0.0935070659
0.0470368325
-0.0328343627
-0.0257508039
-0.1959784856
-0.3931800240
-0.1586040605
0.0397131120
-0.0043732806
-0.2708894405
0.1345267053
-0.0697186899
0.1241607853
0.0108683915
0.0124582268
-0.0414878073
0.0711940857
0.1408104093
-0.1211451751
-0.0151234066
-0.2018892462
-0.1436116285
-0.0870826267
0.0181327668
0.0000199344
-0.1076625244
0.0489411769
0.1722355627
-0.0230320078
-0.1402439238
0.0535394723
0.3580455845
-0.0477844960
0.1821039982
0.1510114117
0.1634162281
0.0568288291
-0.0536887201
-0.0588426521
0.1655759680
-0.1613480082
0.2695206664
-0.1594003407
-0.0552630244
-0.1418244981
-0.0078847561
-0.1243237884
-0.1767375034
-0.2371218324
-0.1913116774
-0.3846321155
-0.2073304610
-0.3331149540
-0.2332752913
-0.3015471211
-0.1419265554
-0.2302971655
-0.3864103477
-0.3745363989
-0.1329287604
-0.3162806259
-0.1737638801
-0.2938903400
-0.1365110880
-0.3313479637
-0.1015821523
-0.2550308625
-0.2739446541
-0.2599208710
-0.1934833238
-0.2157017504
-0.3365740526
-0.3528568341
-0.3290872145
-0.2370367471
-0.2715223175
-0.2365931934
-0.1481038937
-0.1918578968
-0.3124375262
-0.2043009276
-0.1735818546
-0.2201086838
-0.1462111027
-0.1508555905
-0.0663872925
-0.1350008879
-0.1443226513
-0.1561339221
-0.1871986959
-0.0768788707
-0.2290183289
-0.0123468627
-0.0378004562
-0.1956738491
-0.2257376796
-0.1870725692
-0.2340582088
-0.1507294229
-0.1607569706
-0.3033420011
-0.1736354447
-0.2685468890
-0.1218744589
-0.1442935881
-0.1353818915
-0.0231733719
-0.3115585329
-0.1302185340
-0.3306033987
-0.5944936856
-0.2776849755
-0.4437708917
-0.0975625784
-0.1742673966
-0.7868381513
-0.3169908948
-0.5978765162
-0.3152070876
-0.3764288393
-0.3199948543
-0.0307439366
-0.1704525550
-0.1860522613
-0.6726235459
-0.3268443125
-0.4613150005
-0.2890882370
-0.1643608616
-0.1495950484
-0.1545584123
-0.1753056528
-0.4538252398
-0.2934781427
-0.1785228044
-0.2457585873
-0.3642315050
-0.4159504881
0.0364893163
-0.1279299202
-0.2489692667
0.0524542327
-0.2191463715
-0.2386594684
0.0382303186
-0.2581573444
-0.0107752250
0.0121540176
-0.0720086442
-0.1835551026
-0.1883263035
-0.1379778934
0.0869698949
0.1130435912
-0.0481617021
-0.1663677384
-0.0212614881
-0.1618173283
-0.1147216019
-0.3774319875
-0.1825880401
-0.0457834238
-0.0965724529
-0.0947361086
-0.1431637671
-0.4089123184
-0.1842223345
-0.0972253182
-0.2536547887
-0.2878241963
-0.0641847525
-0.2244002387
-0.4417194155
-0.1538821463
0.2213929665
0.2012694536
0.1699541332
0.2079626719
0.2228283609
0.2207382684
0.2319536929
0.3003241980
0.0710164809
0.0581173409
-0.0212736353
0.0382773490
0.1647402191
0.0937462846
0.2025503615
0.1592621183
0.1587750801
0.0024741992
0.1261741734
0.0980662086
0.1197012392
0.1281371569
0.0848039688
0.1393794250
0.1155900737
0.1441433845
0.1456726527
0.0631233646
0.1139129573
0.0960761749
0.2545920293
0.1393632686
0.1061823984
0.0960888902
0.1146499445
0.1199611515
-0.0157315906
0.1531953880
0.2114484314
0.1538398821
-0.0715832802
-0.0585586619
0.0167173891
0.1370453255
-0.0294407937
0.0081564856
-0.0351390547
-0.0987975379
-0.0253465336
-0.0029410353
0.0863385549
0.0911733463
0.0775926160
0.0104099966
-0.0354174290
-0.1120239833
0.2532292380
-0.1558193413
0.3256650239
0.4756368030
0.2079799722
0.0410616757
-0.0158973925
0.2503798616
0.0000000000
0.0000000000
0.0000000000
0.0000000000
0.0000000000
0.0000000000
0.0000000000
0.0000000000
-0.1677750384
-0.3829678784
-0.3361711142
-0.2590640776
-0.2431451114
-0.3450487164
-0.4603375421
-0.2708064892
-0.2618094793
-0.3512299306
-0.1643144209
-0.1554988447
-0.2212348118
-0.2999946874
-0.2595320632
-0.1975119492
-0.2221917038
-0.2767907963
-0.2039885685
-0.2625312928
-0.1271607798
-0.1898213422
-0.2892932932
-0.1471883913
-0.2195172967
-0.2571297041
-0.2447727514
-0.1647166811
-0.1888352986
-0.1990108924
-0.2114173891
-0.1447361168
-0.2776174647
-0.1761898676
-0.1630397694
-0.0511981407
-0.1331667074
-0.1449249193
-0.2112465813
-0.2051544160
-0.2720544438
-0.3148631465
-0.2218456908
-0.1669960650
-0.3049039959
-0.2702020075
-0.2535308249
-0.2560711418
0.0000000000
0.0000000000
0.0000000000
0.0000000000
0.0000000000
0.0000000000
0.0000000000
0.0000000000
-0.1870671252
-0.0555506165
-0.1467551019
-0.2733221835
-0.1311814215
-0.2917035416
-0.0203499073
-0.1786152645
-0.1059745352
-0.0019657213
0.1455357651
-0.1544735333
-0.1244212860
-0.1726974982
0.0214444903
-0.0593072000
-0.2508420277
0.0091597634
0.1171189337
0.2126583420
-0.1459530542
0.1795086119
-0.1374940328
-0.2426191251
-0.1412955843
0.0031378878
0.0238321048
-0.0209343158
-0.1457405440
-0.1045423886
-0.0298393230
-0.1682617300
-0.0223614863
-0.2363881722
-0.2284882321
-0.0966422593
-0.1366560036
-0.0990356872
-0.1501322306
-0.1360475064
0.2023837234
-0.0230350745
0.0346018737
-0.0250634309
-0.0353346388
-0.0473884670
-0.1164469776
0.1779736981
-0.1616642003
-0.0398711427
0.0910630067
-0.0904264976
-0.0613449193
0.0970789613
-0.0812420366
-0.2197456747
0.1286705294
0.0464426213
0.2009701190
0.1012710607
0.1977501791
0.0281283519
0.2098247957
-0.2954803751
-0.0284684909
0.0043367572
0.3444354556
0.1476442909
0.1402870453
0.0697801292
-0.0224266721
-0.0608801734
0.1273577896
0.2952820805
0.2125590078
0.3047993015
0.3100332264
0.1079792232
0.0081972424
0.1348893685
-0.0049483841
-0.0548862108
0.0186382291
0.0235939175
0.3391072138
0.2021759942
-0.0232774781
-0.1287907919
0.0382077432
-0.0235020145
0.2129481869
0.0796613082
0.0417001136
0.2848034471
-0.1127019647
-0.1629447687
0.2388010151
0.3280845533
-0.0382231983
0.1648302113
-0.1487168194
0.0002773143
0.2135916824
-0.0526429677
-0.1668441809
0.0072477247
-0.0265184097
-0.0170536967
-0.0105859291
-0.0903888099
0.0592090730
-0.0370631162
-0.0762292325
-0.1761674188
0.1793009730
0.0273782081
0.0206156588
-0.1286475577
-0.1226499585
0.1841394974
0.2102173915
0.0546333904
-0.1404482913
-0.1320996431
0.1422011272
0.0793288293
0.0147271225
-0.1514915931
-0.1695540487
-0.1323783858
-0.1595691734
-0.1617586405
-0.0762889800
0.0042691426
-0.1824825943
-0.0957106808
-0.2294251514
-0.3284957147
-0.1961697491
-0.0839560860
-0.2720918885
-0.2423328570
-0.2943329092
-0.2461008654
-0.2172334046
-0.0095385698
-0.2610205298
-0.3496373432
-0.2840969493
-0.3597324325
-0.1984559954
-0.0823639920
0.0160456617
-0.3536197244
0.1042045238
-0.0838757333
-0.0628924706
0.1213231044
-0.0474224901
-0.2277720448
0.0194678887
-0.0414102410
-0.0171025912
-0.2603878669
-0.0239122388
-0.3498978680
-0.2700936561
-0.1838264869
-0.1858639481
-0.3719972336
-0.1033532934
-0.2613921454
-0.1373558261
0.1035990645
-0.4093475746
-0.2207479712
-0.3329726318
-0.2699514015
-0.1102848018
-0.2281394162
-0.1494694867
-0.2346450393
-0.3710155376
-0.1300617730
-0.1380577688
-0.2538405897
-0.1808582322
-0.2478721677
-0.2177814639
-0.1057360320
-0.3578479989
-0.1180208705
-0.3064082260
-0.1681434403
-0.1181265875
-0.0760994513
-0.2603412731
-0.0821293609
-0.3586198952
0.0595208963
-0.4308825105
-0.2693619706
-0.1792151277
-0.4764844855
-0.1732191395
-0.0641165841
-0.3099890363
-0.4019407584
0.0034497917
-0.3993693653
0.0085976596
-0.0298033516
0.0393679043
-0.0900283124
-0.3264033552
-0.1187167687
-0.2868246880
-0.3540625322
-0.2381224468
-0.1731887472
-0.2832783735
-0.2165037719
0.1573432741
0.0142265688
-0.3010049274
-0.2268513938
-0.2170550688
-0.1243578229
-0.0614327769
-0.3980292726
-0.0792104852
0.2856110958
-0.4565623594
-0.0094802488
-0.1255583915
-0.3576636057
-0.0889445091
-0.2149967219
-0.4369310535
-0.5925162886
-0.7133965369
-0.2397431204
-0.3277092105
-0.0730135713
-0.0539819169
-0.2756531218
-0.5033171568
-0.5104269405
-0.3275900405
-0.1883849595
-0.3070343606
-0.1133802958
-0.4181923242
-0.2397946064
-0.4013552298
-0.0408734071
0.0359483572
0.0296939514
0.2387067754
-0.0183034425
0.4408999376
0.1175035694
0.1507492863
-0.0756870761
0.0102217887
0.0336047418
-0.0424725122
0.1154509331
0.0789380235
-0.0021211271
-0.1222254993
0.0830532922
0.0597638662
0.1109162890
-0.0384432650
0.0343373026
0.0491136034
-0.0699307263
0.0181630049
0.1311264270
0.0492941928
-0.0437201876
0.0988811425
0.0312759510
-0.0100530814
0.1180325413
0.0577992190
0.0990355000
0.0657913656
0.0960048993
0.1740672330
0.1098859142
0.1702344237
0.0530784792
0.1690913357
0.0716777701
0.0302529558
0.1045191776
0.1786499078
0.0686433551
0.1709524081
0.1818393095
0.0324047389
0.2110445134
0.2812453035
0.1379532677
0.1898251437
0.0759517524
0.1162430915
0.1843796375
0.1479924192
0.1905812477
0.4513944617
0.1183736998
0.2583265962
0.0806888647
0.2945368052
0.2433239137
0.1647852033
0.1596093876
0.0570874065
0.2157480489
-0.1576437869
0.0919158097
0.0000000000
0.0000000000
0.0000000000
0.0000000000
0.0000000000
0.0000000000
0.0000000000
0.0000000000
-0.0533462217
0.0116838161
-0.0143783587
0.0401195649
0.0617935332
-0.0455613229
-0.0101345980
-0.0672311027
-0.0781541791
-0.0122364136
0.0229533032
0.0358738521
0.0637924277
-0.0575831488
-0.0335980388
-0.0551858854
-0.0651651366
-0.0052875464
0.0220121106
0.0933272544
0.0894430270
0.0279832843
-0.0622442984
-0.0269597204
-0.0520849906
-0.0076693991
-0.0067043521
0.0908096130
0.0800689116
0.0143868109
0.0046985327
0.0250781088
-0.0450263289
0.0372908310
0.0680216109
0.2716767405
0.1463543900
0.2201952320
0.2136434968
0.0525037944
0.1725516429
-0.0697468919
0.0102561181
0.2651062675
0.0632280873
0.1060629174
-0.1531673022
0.3291991404
0.0000000000
0.0000000000
0.0000000000
0.0000000000
0.0000000000
0.0000000000
0.0000000000
0.0000000000
0.2174716606
0.2300182892
0.2915024701
0.1768135003
0.2531728220
0.5118554175
0.2297736735
0.2432329562
0.3501870589
0.5289490315
0.2525978615
0.2720417463
0.2882841146
0.1412885995
0.2240694753
0.1530115857
0.1442919581
0.2526292518
0.2883420715
0.3092964285
0.3254949976
0.2822712195
0.4105512117
0.1254694941
0.2305383818
0.2437323777
0.2592576823
0.2236259993
0.2914849668
0.2188432068
0.3824609379
0.3109201782
0.1048480726
0.2637993724
0.3350172602
0.4221399237
0.3323943575
0.5075096339
0.3559337165
0.4609282953
0.3182320960
0.3523374559
0.3488719651
0.5349342590
0.7608771563
0.4868793447
0.4397533115
0.4230090827
0.7517233811
0.3223210779
0.7848647498
0.0307453828
0.2893053116
0.5407101639
0.1682208483
0.6018485262
0.4065283168
0.3869075588
-0.1459924893
0.4263411233
0.5533673669
0.3464388283
0.3683152941
0.4848300463
0.6516672527
0.4886598294
0.4141027214
0.1961894994
0.4036855173
0.3266319704
0.3381393292
0.4302858801
0.4703266613
0.5187171858
0.4463020556
0.3532192979
0.3256406855
0.3151636301
0.4253870562
0.6045888924
0.4674558174
0.4364395731
0.4380351665
0.3974349646
0.4033920221
0.3221705415
0.4210760480
0.1687295322
0.3616498094
0.4722222816
0.3864492736
0.3355672388
0.3668898337
0.4431835626
0.3316888946
0.4611332346
0.7233122733
0.3049752264
0.5485221421
0.5541360833
0.4211759800
0.3427101916
0.4027336233
0.4567972918
0.3489955913
0.5262711759
0.2849243538
0.4503632391
0.3626553759
0.3405151533
0.4574588422
0.5514503807
0.4702438526
0.6443979137
0.6736459692
0.0472811155
0.2147131677
0.4481661582
0.3981698489
0.6658773369
0.6592653161
0.0921308064
0.1386472268
0.1914386356
0.4374332220
0.1591316791
0.2751116861
0.5628760741
0.3438750366
0.3058079384
0.3800577849
0.3405357254
0.2960399849
0.3094451691
0.2836534851
0.3248168106
0.3419872932
0.2827530020
0.2804743224
0.2283154163
0.1579171669
0.3299277912
0.1863605962
0.4680542171
0.2928504613
0.3704596744
0.2381753328
0.2895112484
0.2831244585
0.2123817153
0.2125164225
0.2969760878
0.1299223132
0.0872218373
0.1912546478
0.1194384428
0.2960303936
0.1891597067
0.3811262845
0.3324855512
0.4388663096
0.1593102477
0.2191522358
0.3868866153
0.3670564248
0.5318457455
0.4643872039
0.2972866478
0.4099536200
0.5818361936
0.5161777443
0.4670566024
0.5048699508
0.4553648192
0.4612834816
0.4752339597
0.5814865600
0.5029770924
0.6862214572
0.6473835259
0.6533789572
0.6087295721
0.2884287823
0.5291779106
0.4882373967
0.2158761416
0.2893387587
-0.0595913341
0.0507487139
-0.0000565867
0.3595457681
0.5150399781
0.4108866839
0.6554679664
0.8320662253
0.7724688324
0.7277826808
0.4574850725
0.8312539361
0.9699188457
1.0775806034
0.6658689453
0.7753665721
0.8249461092
0.7861824969
0.7814435077
0.7354743485
0.8270898890
0.7028491221
0.7886716973
0.7604743317
0.7359242253
0.7876417858
0.8219610876
0.7623003275
0.8936871142
0.8219384958
0.6483878900
0.7803198848
0.6452353215
0.8822859924
0.7313450329
0.8592917659
0.9358357184
0.7505143002
0.8031723150
0.7724126982
0.8458236750
0.9055875807
0.8621993452
0.7531376637
0.8780770711
0.8559821101
0.5190952471
1.1666156668
1.0874091504
0.8365820578
0.7167113921
0.8704119192
1.0580830053
1.1223089309
0.8330492944
1.0742210686
0.6565649871
0.2898678291
0.8642822501
1.0771299280
1.2217122436
0.8648668891
0.9350921829
0.9028942245
-0.0802271212
0.9588690528
0.6301704488
0.7889488936
0.8825196218
0.3037657890
0.3389426484
0.3453182185
0.0500333256
0.1604146629
0.1224192554
0.3004813433
0.3532788756
0.0650602716
0.1565497926
0.0259374102
-0.0957957063
0.0374481988
0.1110210834
0.2748950379
0.2284650982
0.0737756367
-0.0734850906
0.0862507103
-0.0333404752
-0.0388853057
-0.1705907668
-0.0256721717
0.0457379302
-0.0486702588
0.0134700799
-0.1472287876
-0.0364686507
-0.0012370125
-0.0454929671
-0.1006781280
0.0210124963
-0.1487590658
0.0699534992
0.0102431480
0.3715794450
0.0856696086
0.0203284879
-0.0740305968
0.0081317774
0.1688557065
0.2645984653
-0.0347506238
0.0969948334
-0.0471110117
0.1226834564
0.0953005927
0.0490184048
0.0940220713
-0.1570680763
0.1414960394
-0.1259220222
-0.0175103150
0.0528631583
-0.0574067879
0.0857640005
-0.0711277794
0.0019977136
0.0797327278
-0.1120372221
-0.0173423386
0.0241150039
0.0277743154
-0.0676476576
0.0000000000
0.0000000000
0.0000000000
0.0000000000
0.0000000000
0.0000000000
0.0000000000
0.0000000000
0.1378998617
0.0098188636
-0.2433785636
0.1426271549
0.0330396884
-0.1833108675
-0.0279118449
0.1274254496
0.0173244626
0.0303111432
0.1291105983
0.0661047383
0.0821861071
-0.2242327050
0.0239649431
-0.0895654195
0.0231120955
-0.0747194967
-0.0063619319
-0.0333553638
-0.0499203781
-0.1045378550
-0.0805998680
0.0292877365
0.0806483418
-0.0866727891
-0.0463899335
-0.0889884886
-0.1172272364
-0.1351747354
-0.0771678742
0.0629425164
0.0542265098
-0.0208239691
-0.0299937678
-0.0500981389
-0.0727208255
-0.0179921149
-0.1548428727
0.0085544121
0.0931205067
-0.1005087363
0.0602527329
-0.0324488899
-0.0970966418
-0.1096315862
-0.1619251474
0.0248421772
0.0000000000
0.0000000000
0.0000000000
0.0000000000
0.0000000000
0.0000000000
0.0000000000
0.0000000000
0.1315312726
-0.1893653331
0.0765242819
-0.0631958415
-0.1570814398
-0.0764081972
-0.1071628021
-0.1667645205
-0.3062150288
0.0634667344
-0.1987643063
0.0357946099
-0.2714310321
-0.2561315667
-0.1012757440
-0.0877552129
-0.1625389856
-0.1335519796
-0.0733900330
0.0139131735
-0.0262160625
0.0222200262
-0.1384422239
-0.2879418364
-0.0543756754
-0.0428108132
-0.1097567878
-0.1517123488
-0.2011418158
-0.2533342692
-0.1197681744
-0.1160152168
-0.0863506701
-0.1532680855
-0.1911540454
-0.1268914812
-0.1552722787
-0.1718445838
-0.1380510582
-0.0939331473
0.0695894535
-0.1352858427
-0.1106171344
-0.0442929411
-0.2187498293
-0.1576270476
-0.2007397446
-0.0465608021
0.0384951435
-0.0719206189
-0.0236748273
-0.1211977800
-0.1214585031
-0.1595495629
-0.1490405406
-0.0657959752
-0.1737640597
-0.0841502709
0.1364985418
0.0356621002
0.0002400285
0.0048539470
-0.0602648656
-0.0590990680
-0.1833059970
-0.1169695866
0.0011981057
0.3520314850
-0.0808645656
-0.1081226135
-0.1011704548
-0.1643477005
0.0013758207
-0.1792757205
-0.1812584557
0.1138547168
0.2530255758
-0.0753642159
-0.1598204985
-0.1932090066
-0.1931946756
-0.0311491335
-0.0817024303
-0.1472348940
-0.0143074137
0.1085390037
-0.0662173650
-0.2263017531
-0.2593443688
-0.1939049265
-0.0967152628
-0.2698925307
-0.1542200770
-0.0469698827
-0.2538580302
-0.1283087638
-0.0486477575
0.0742615997
-0.2399010650
-0.1624202233
-0.3294132631
-0.2608389578
-0.2362607443
-0.2845354732
-0.2046322395
-0.2593139523
-0.1437250669
-0.2368768329
-0.1872695847
-0.2649779150
-0.2560494050
-0.0966499533
-0.2131181648
-0.2576969314
-0.1637919114
-0.1114727846
-0.2220159109
-0.3199310263
-0.3145768439
-0.1915142127
-0.1865378264
-0.2088555268
-0.1717380613
-0.2095617328
-0.1135754243
-0.1779536553
-0.2414182921
-0.1607225081
-0.0498077133
-0.0475978549
0.2316117878
0.4217040319
0.0764007347
0.3481560370
0.0547736330
-0.2590085351
-0.3376877845
-0.2232286017
-0.4112948847
-0.3719163321
-0.4486819894
-0.5356643105
-0.4313673776
-0.1641658278
-0.2491112950
-0.3309283826
-0.2222921539
-0.3689947926
-0.2707074984
-0.2979653429
-0.4158234108
-0.1780682255
0.0010261622
-0.1386181277
-0.0358137009
-0.1956781502
-0.3270279630
-0.0620761803
-0.1485732819
-0.2620085690
0.1773881052
0.0019303616
-0.0653515296
-0.2364301266
0.0215015681
-0.1520797585
-0.0987857028
-0.2252111071
-0.0812087715
-0.3178266922
-0.0858332072
0.0231254721
-0.1817353329
0.0366931018
-0.3765059394
-0.1914320509
-0.1256736656
-0.3234628460
-0.0732698050
-0.2150700822
-0.1701413483
-0.2243026800
-0.2721084787
-0.1191860198
-0.1533809163
-0.2014281829
-0.2564427171
-0.2359687398
-0.2095416208
-0.1705977978
-0.2278393164
-0.0962896061
-0.5042033130
-0.6586472116
-0.8381708337
0.0683763864
-1.1891835087
-0.7817646523
-0.8339045444
-0.7950902739
-0.8071959295
-0.6330358689
-0.6601183834
-0.2493544888
-0.2906858382
-0.6826892918
-0.5831421187
-0.9023388194
-0.6391633786
-0.4654423731
-0.6295878892
-0.6648429671
-0.5872040566
-0.3036052748
-0.7723389988
-0.6121174544
-0.4749843554
-0.5009997831
-0.6081736551
-0.5453053975
-0.6246045986
-0.5334793800
-0.3519530761
-0.5086537346
-0.4931601711
-0.4088382514
-0.4499431903
-0.5084499774
-0.4291507339
-0.4643042548
-0.4382469724
-0.4679403284
-0.5310759904
-0.5217734000
-0.4093282864
-0.4439571394
-0.3272081878
-0.4699617274
-0.3920432286
-0.5473419439
-0.5186169999
-0.3783580892
-0.5346381827
-0.4744949229
-0.4764177869
-0.6251565913
-0.6882226113
-0.6044517600
-0.2437265918
-0.3731877925
-0.4931214775
-0.5341202337
-0.5903997687
-0.2961072490
-0.4513142546
-0.5334188798
0.0667628263
-0.1679091752
-0.0974488647
-0.1344441544
-0.0627662674
-0.0407657755
-0.0954544761
-0.0290810736
0.1306870717
-0.0947501381
-0.2215259148
0.0062033924
0.3526240344
0.0431675047
-0.0638983740
0.0146625740
0.1079758192
0.2619849460
0.1861979020
-0.2194038062
0.1323468119
-0.0096291901
0.2578774401
0.0926095727
0.3741542535
0.0221620804
0.0629939781
-0.0344834167
0.0275660543
0.0043023979
0.2162694720
0.2400087050
0.0882357908
0.0448050919
0.2438546340
-0.0368161499
0.1752506257
0.1584181239
0.3397162870
0.2777551370
-0.0098599608
0.0278192993
0.0593063740
0.0848397838
0.2290011525
0.0789717490
0.0012705865
0.2575569791
-0.0488595698
-0.0442589653
-0.0590707986
-0.0019482366
0.0161910887
-0.0378703781
-0.0787947095
0.0183811885
0.1302668086
-0.0732616055
-0.0883119389
0.0642177841
0.1723013840
0.0964930055
-0.1257253260
-0.0517299430
0.0522699482
0.0403102100
-0.2510062186
-0.0591887564
0.0000000000
0.0000000000
0.0000000000
0.0000000000
0.0000000000
0.0000000000
0.0000000000
0.0000000000
0.4698230537
0.4274925245
0.4046983509
0.2406359807
0.3292497238
0.4892453682
0.4765339710
0.4348283321
0.4726049390
0.3914452829
0.3718972061
0.3075174686
0.3329118471
0.4259977506
0.4575242329
0.4305853698
0.4650084385
0.4092067608
0.3578867885
0.3434427498
0.2924156769
0.3426857964
0.4359780859
0.3666432623
0.4729012383
0.4416787593
0.4955045159
0.3565992261
0.3846070450
0.4409888559
0.4007125008
0.4362381226
0.6996406765
0.5899331093
0.5706402102
0.4166109453
0.5004585006
0.4390903993
0.4439665437
0.5538601445
0.7026086838
0.7206440103
0.8565962243
0.5724952062
0.7884714979
0.6596858069
0.7728324688
0.6250644483
0.0000000000
0.0000000000
0.0000000000
0.0000000000
0.0000000000
0.0000000000
0.0000000000
0.0000000000
0.1849903076
0.3019547908
0.3627323279
0.4998484535
0.3337822636
0.1985194495
0.3237684659
0.0008391800
0.5525403261
0.3505542439
0.3998408303
0.5343437452
0.4377480680
0.6322660372
0.5802952677
0.5464177344
0.4976992343
0.4016602578
0.5746980158
0.4962834027
0.5193446429
0.5872592053
0.3836857118
0.6007968337
0.5459203391
0.6895927086
0.6836141264
0.6523484413
0.6951001977
0.6135889644
0.5300016231
0.4694346501
0.6033937899
0.6796206394
0.6435812125
0.6027609920
0.6497915352
0.5494492950
0.6867055899
0.3667396834
0.4028485214
0.5314172251
0.6289794363
0.4080307287
0.3524993082
0.5944379880
0.7257657790
0.5472996450
0.2703952440
0.4489288480
0.4630166238
0.8697516575
0.6599625440
0.5353680521
0.6998651567
0.4884080999
0.6162745905
0.3329720131
0.8730058741
0.5285328734
0.3495141380
0.3579606345
0.1415210374
0.4031986720
0.3874351242
0.3606712390
0.3054464376
0.5376437238
0.4557501152
0.3342071490
0.4362148486
0.5558812873
0.5050166375
0.3374016865
0.4014467712
0.5612144118
0.4540758561
0.6539738130
0.4974514437
0.0493698586
0.3331330931
0.5579794732
0.5141816996
0.5699831837
0.5420628295
0.6187293592
0.5652354586
0.8355069724
0.6208626319
0.4898896375
0.6290746023
0.6422412908
0.5405731529
0.4795918189
0.6279413484
0.4442003258
0.2576263175
0.6104444623
0.5321445772
0.5363938170
0.6057092885
0.6518757984
0.6406508649
0.5271845642
0.5745089480
0.5176811126
0.7348892160
0.5306543130
0.5843743434
0.6262054509
0.5217772495
0.5216193067
0.2955750886
0.1973359937
0.5746391414
0.8004718986
0.6401493664
0.4653293334
0.4125641234
0.3839757859
0.4211917967
0.6267490422
0.7830048419
0.5746212315
0.6263743244
0.4532241899
0.5307593299
0.4390282292
0.8939410529
1.0162702981
0.9374463270
1.0188580320
1.1015731409
1.0240041479
1.0682590335
0.9358951242
1.0836741582
0.9666795849
0.9976593869
1.0836736373
1.1085782855
0.9663693365
1.0585265465
0.8603806593
0.9194160286
1.0765823212
1.0417116183
0.8934681426
0.9779995897
1.0481658301
1.0808633115
0.9043521123
1.0956500278
1.1750653520
1.1678063861
1.0970140590
0.9222520441
1.0386273590
0.9953205428
0.9964124098
1.0618934449
1.2528472058
1.1696080490
0.9699321953
0.8974566179
0.9337723536
0.8787572843
1.0076674787
1.0533698933
0.9903494404
0.9460081550
0.9561810514
0.9537421489
0.9107846460
0.9900856712
0.9732132080
1.0469951478
1.1389638100
1.0322538133
0.9079896076
0.9708012566
1.0379713635
1.1328589932
0.9416614468
1.1241206240
1.1738457919
1.2317903323
1.3093685008
1.2884975916
1.2054790722
1.0634384608
1.1088098275
1.9265779472
1.6768426534
1.2347835567
1.1887913732
1.4720066811
1.6926331547
1.0919862733
1.3408142432
1.1190020187
1.4470283058
1.4230422291
1.2538159061
1.3046715774
1.2682263640
1.5261140461
1.1182207716
1.5601333819
1.4642198768
1.5024078397
1.4231344992
1.4922263016
1.4086902879
1.5833271792
1.3335341697
1.3190396535
1.5339684846
1.4947911786
1.6770575502
1.3166639097
1.4674403855
1.3891202865
1.2650427968
1.3371685953
1.3925220188
1.3776763861
1.3341763883
1.3477733726
1.4528703830
1.5743504169
1.5026347131
1.2824828317
1.6086117852
1.1307451232
1.2354549201
1.3722090203
1.5857028701
1.4672668774
1.3902160539
0.8376964645
1.3480599604
1.2369283053
1.5295752064
1.8888615328
1.4201660704
1.3565390750
1.1246197515
1.2585730245
1.4553035264
1.2191005568
1.8862197898
1.2713627206
1.4806362194
1.4691481053
1.2719960647
-0.3113479583
-0.2924070521
-0.2646658908
-0.3026222240
-0.2974711460
-0.3120366339
-0.3474350514
-0.4677971998
-0.0124843101
-0.1320006095
-0.0296776754
-0.0073029828
-0.1098594906
-0.1476665552
-0.2208594124
-0.2841146385
-0.1558375288
-0.0292365360
-0.0538268042
-0.0771836684
-0.0684769037
-0.0133914987
-0.0495105410
-0.0946114737
0.0220809860
0.0852638655
0.0656537780
0.0186271695
0.0181703421
-0.0215479373
-0.1275082931
-0.0973778088
-0.0285735776
0.0641874997
0.1709456699
0.0058153691
0.1948283983
0.1218946532
0.0867033355
-0.0543314625
0.0207672565
0.1497892894
0.1531205036
0.0493977163
0.2334377040
0.1900371564
0.2401220488
0.1292130066
-0.2148064092
-0.0558631506
0.1939681134
-0.0972626161
0.1205320422
0.3130139706
0.1745572049
-0.0220723816
-0.4869536984
-0.0933478552
-0.1619793261
-0.2398867445
-0.1095601359
0.0446658927
0.0491207684
-0.4358550138
0.0000000000
0.0000000000
0.0000000000
0.0000000000
0.0000000000
0.0000000000
0.0000000000
0.0000000000
-0.6797869559
-0.5283228519
-0.5202357386
-0.5874244235
-0.5237862361
-0.3818472706
-0.4425740064
-0.4688791799
-0.3408107072
-0.3606097149
-0.3940851573
-0.3526101577
-0.3414328998
-0.1921266492
-0.3240794218
-0.3434299502
-0.2852035120
-0.2084194188
-0.2796130103
-0.1794615363
-0.2056368743
-0.2037386805
-0.1713551866
-0.2375812342
-0.2296375692
-0.1554950418
-0.1168759480
-0.1833374838
-0.1404078861
-0.0860637019
-0.1790641277
-0.2381914543
-0.1960146651
-0.2311852821
-0.2267625460
-0.2215926871
-0.2301961370
-0.2415910240
-0.1860552936
-0.2220821872
-0.2195743810
-0.1377092949
-0.2206080132
-0.0441505193
-0.0886069360
-0.1828667320
-0.1746012585
-0.1630799673
0.0000000000
0.0000000000
0.0000000000
0.0000000000
0.0000000000
0.0000000000
0.0000000000
0.0000000000
-0.4585982654
-0.4028234209
-0.5076736572
-0.2241317505
-0.4253212286
-0.3669219701
-0.3457222929
0.0613464159
-0.3757039516
-0.5936800461
-0.3879657024
-0.6471445267
-0.2614832170
-0.3564289114
-0.6251762576
-0.2620313154
-0.1929929489
-0.4712161373
-0.6311628542
-0.7546170249
-0.6450982970
-0.6864381431
-0.4229159585
-0.0276636337
-0.4117513992
-0.5744670685
-0.5715615976
-0.5887314072
-0.5229014420
-0.4310917438
-0.6808701918
-0.4584116120
-0.3652534215
-0.2647364195
-0.4783301834
-0.5662427377
-0.5041631593
-0.5040085766
-0.5242422475
-0.3599062170
-0.6665660332
-0.4919121555
-0.5958836005
-0.6731833680
-0.5174366809
-0.5451671505
-0.4051841718
-0.5651021921
-0.7305687212
-0.4521964752
-0.5346833985
-0.4157645817
-0.3752859270
-0.4786859651
-0.3495314148
-0.3274721449
-0.0541209131
-0.2372940168
-0.7191046941
-0.5968361189
-0.6255789753
-0.4514155678
-0.3699816849
0.0517162238
-0.5042861274
-0.6498989209
-0.7692001052
-1.0293762708
-0.4409742528
-0.4369587444
-0.5695871326
-0.5558153232
-0.7891618853
-0.6622657993
-0.6256787906
-0.7616637613
-0.8693071162
-0.5362071085
-0.5980703122
-0.6009095131
-0.4661600085
-0.5700852045
-0.5479723406
-0.4955794580
-0.7672632813
-0.8009360725
-0.5345807106
-0.4344954478
-0.5797617030
-0.5713999821
-0.6560542551
-0.5431908301
-0.6449366251
-0.7276246659
-0.5103077529
-0.3020227193
-0.6187412194
-0.7975651978
-0.5259097239
-0.7045094932
-0.4254195491
-0.5184997164
-0.5601971490
-0.2567294346
-0.3773994908
-0.4708977872
-0.6155450040
-0.6079878921
-0.5767452952
-0.5439386107
-0.5624413122
-0.5138987511
-0.4142739502
-0.3720857271
-0.5949552782
-0.5597875304
-0.4956039078
-0.3844940014
-0.4726397760
-0.4117523972
-0.4662300084
-0.5920317587
-0.2695456862
-0.4643206095
-0.4428228907
-0.3898042448
-0.4854542417
-0.4007087818
-1.0069275665
-0.9330076513
-1.1566069780
-1.2259778968
-1.0033266852
-1.2155818155
-1.0491740909
-0.9195410414
-0.7316061489
-0.7477482768
-0.7800966558
-0.8992947747
-0.7288429471
-0.7072157646
-0.8098280227
-0.8503006778
-0.7784106072
-0.8791222534
-0.9206098530
-0.6860040002
-0.7777074406
-0.7911636162
-0.6974093818
-0.9333715070
-1.0633670268
-0.8343466420
-0.9767608329
-0.8450638326
-0.7132522988
-0.9428181250
-0.9673020757
-0.8052945644
-1.0214553514
-1.0301611406
-0.9116478350
-0.7347163643
-0.9398079520
-0.7362417031
-0.8056440543
-0.7582901553
-0.8776660378
-0.6920396284
-0.9519336781
-1.0219141919
-0.7996726821
-0.9768913928
-0.6314481131
-0.7371626291
-0.7545074413
-0.7555658866
-0.9532417751
-0.7694308567
-0.8336322698
-0.7836076009
-0.6829656646
-0.7368099005
-0.7559076738
-0.7393426648
-0.7037954356
-0.7462125346
-0.7927127404
-0.8319680109
-0.7237568164
-0.7517697864
-0.9559646019
-1.1849362964
-1.2327019235
-1.9062225969
-0.9215699907
-1.2246591292
-1.0262203755
-1.3094786819
-0.6162755225
-0.9490659845
-1.0741535585
-1.4728257966
-1.5788593978
-1.2374789938
-1.2924750715
-0.8965041470
-1.0015200547
-1.1197096560
-1.1841384600
-1.2111054171
-1.2979787361
-1.8630444335
-1.2878721601
-1.4066337061
-1.2547395128
-1.1680244847
-1.1325962070
-1.1854643638
-1.2158382744
-1.2595226979
-1.6011202047
-1.1938805080
-1.0323100089
-1.3006122786
-1.2999662412
-1.3559269402
-1.3409412637
-1.0925015633
-1.4288986527
-1.4079033781
-0.9601928135
-1.2284123535
-1.3478197839
-1.2593429641
-1.5689739825
-1.2755849608
-1.2089114334
-1.0118738686
-0.8279414628
-1.3326102577
-1.0333697494
-1.1795405062
-1.2424167191
-1.0642055548
-0.9414287110
-0.6745972564
-1.2643042936
-1.1945659479
-1.0112596076
-1.0452286697
-0.8336424799
-1.2472808577
-0.9259283683
-0.9670887876
0.4861711816
-0.1867375389
-0.0805728462
-0.0258177954
-0.1615084471
-0.0809902919
0.1286656158
0.2705417964
-0.0099642801
-0.1032444425
-0.1890980039
-0.1460808971
-0.1620807834
-0.2827572284
-0.0399491395
-0.0298829999
-0.0648520418
-0.1630468098
-0.2090545650
-0.0838295755
-0.2635563041
-0.1453504539
-0.1324226976
-0.0927722583
-0.0431785743
-0.0188433572
-0.1625969446
-0.1094628393
-0.1572556477
-0.2336801095
-0.1884213353
-0.0707993686
-0.0879023752
-0.1094658480
-0.1899128970
-0.1734632307
-0.2200378686
-0.1128212474
-0.1883915871
-0.0321728466
-0.0502791130
-0.0239651914
-0.0825990938
-0.0762564332
-0.1888391061
-0.1059744830
0.0082873139
-0.1107352111
0.0328914340
0.0198872566
-0.0033735887
0.0243390156
0.0134069768
0.0096141691
0.0436856680
0.0203374509
-0.0018067336
0.1761690502
0.1390166250
0.2086954446
0.0738358914
0.0654652288
0.1189167013
0.1430411559
-0.0945593381
-0.1873675862
0.2177524968
-0.1494304864
