# Logistic Regression Model Export
# Classes: 3
# Features: 1552
# Format: intercept_values, then coefficients (row-major)

INTERCEPT
-0.3595894536
0.6195364080
-0.2599469544

COEFFICIENTS
0.0000000000
0.0000000000
0.0000000000
0.0000000000
0.0000000000
0.0000000000
0.0000000000
0.0000000000
0.0569682337
-0.1213639828
0.0633591342
0.0088144554
-0.0626757448
-0.0276915813
-0.1408486820
0.0436913893
0.0256094532
-0.0546652500
-0.0242908753
-0.0190312100
-0.0440987679
0.0065296090
-0.1287543066
0.0078177973
0.0315718560
-0.0504547301
-0.0386437848
-0.0995712348
-0.1061879348
-0.0888119660
-0.0820085117
0.0926542812
0.1164702626
0.0315942766
-0.0073414540
-0.0152317972
-0.0754701094
-0.0402619259
-0.1295496263
0.1617436658
-0.1078589293
-0.1546761607
-0.0439814652
0.0632985147
-0.0155812453
-0.0702205321
-0.0716256348
0.1744057228
-0.2593272854
-0.2183635888
-0.2250912707
-0.2725405688
-0.2185459492
-0.1133909177
-0.1044458544
-0.1210254467
0.0000000000
0.0000000000
0.0000000000
0.0000000000
0.0000000000
0.0000000000
0.0000000000
0.0000000000
0.0272420537
-0.0960462416
-0.1442452250
-0.1478967924
-0.0937796749
-0.2673208659
-0.0817350080
0.0330346534
0.0399809377
-0.0986112934
-0.2389525856
-0.1596696811
-0.1004833901
-0.2821902455
-0.1826499918
-0.2431157965
-0.1107342877
-0.2870562773
-0.1750486839
-0.2474545539
-0.2651411298
-0.1702692831
-0.2221644844
-0.1075039693
-0.1356350089
-0.1718490725
-0.2346628370
-0.2140349031
-0.1531998718
-0.2544469360
-0.2143508970
-0.0846037109
-0.1101500308
-0.2259502360
-0.2123583055
-0.2288785457
-0.1981381363
-0.1737416889
-0.0909437338
-0.1214347442
-0.0212446218
-0.2136372273
-0.1561657250
-0.2372631109
-0.2458595582
-0.0768840504
-0.1746576264
-0.0941920890
-0.1623359039
-0.1478385235
-0.3234110018
-0.0977468867
-0.0608495372
-0.2100342671
0.0091568458
-0.0631729903
-0.2553465298
-0.0184116958
-0.0450864040
-0.1206933616
-0.0623000758
-0.0588683700
-0.0425576362
-0.3322037913
-0.1535456889
-0.4264910896
-0.2331317721
-0.2065524828
-0.2649835622
-0.2128132291
-0.1517927853
-0.1379417569
-0.2476693842
-0.3488856573
-0.2967864431
-0.2065130482
-0.2563988127
-0.2877243573
-0.3981403028
-0.3984834461
-0.3220837511
-0.2299919312
-0.3106539561
-0.2691457209
-0.2655969653
-0.3429243982
-0.2597202101
-0.2813124767
-0.2901308602
-0.2557620496
-0.2711120323
-0.3716924963
-0.2986875706
-0.2902774625
-0.2918440835
-0.2510871352
-0.3310620747
-0.2577898229
-0.2808309338
-0.2143122596
-0.3220566426
-0.1783980040
-0.2879321500
-0.1977968754
-0.2217400124
-0.2610432948
-0.1395505475
-0.2941312440
-0.1891587975
-0.1429056099
-0.2390324311
-0.3272399074
-0.0922578020
-0.1964573595
-0.3204316149
-0.1393013316
-0.0156291912
-0.0409203697
-0.1727513594
-0.2083502812
-0.3884693551
0.0023512391
-0.0503860255
-0.1773196584
-0.0840098392
-0.0657949261
-0.0366997254
-0.3520626508
-0.2185221048
-0.2351868524
-0.3556218231
-0.3361393671
-0.3557688225
-0.2843251369
-0.3077274344
-0.2796203805
-0.2299652047
-0.2605149069
-0.3290790319
-0.2230700136
-0.3324977170
-0.3007534205
-0.3543180377
-0.3311640490
-0.1939576384
-0.2294351086
-0.2264025896
-0.2484924952
-0.2347994701
-0.2116770255
-0.2929154607
-0.3557340286
-0.1570906966
-0.0809234890
-0.1556743546
-0.2275200500
-0.1877504393
-0.1955640324
-0.0983171076
-0.1753620047
-0.1601044700
-0.1125124023
-0.1567701191
-0.1005625498
-0.1313315998
-0.0984571604
-0.0928101604
-0.1323238835
-0.0811862673
-0.1444000405
-0.1843194364
-0.1892488099
-0.1519129462
-0.1005127860
0.0188184501
-0.0905443614
-0.1569315592
-0.1208216889
-0.1274356764
-0.2650374298
-0.2026730134
-0.1311620283
-0.0993611211
-0.1485977754
-0.0597822318
0.0176018910
0.0296872678
0.1634827409
0.1775317818
0.0674213950
0.0408718378
-0.0706434644
-0.1379375831
-0.2306057887
-0.3176660340
-0.2574672382
-0.2371167837
-0.2738224756
-0.0941042678
-0.0855504194
-0.1694188089
-0.2251066464
-0.2419516576
-0.2830832468
-0.2638041762
-0.4005469681
-0.3685426784
-0.2755182418
-0.1535163097
-0.1696550646
-0.2948882838
-0.3056828058
-0.2129142600
-0.2440160719
-0.2393972448
-0.2912423696
-0.2316573572
-0.1542437470
-0.2133928273
-0.3089240780
-0.3460685807
-0.2242374119
-0.2535788725
-0.3716858259
-0.1255829293
-0.0747597689
0.0254306425
-0.1891131464
-0.1437931980
-0.1181271256
-0.0924586721
-0.2851539596
-0.1921360791
-0.0236470134
-0.1557201760
-0.0900933449
-0.0054666912
-0.1218407685
-0.1687641296
-0.3832145677
-0.0899281939
-0.1185187216
-0.0620833193
-0.0477118981
-0.0329098648
-0.1935870453
-0.2236762053
-0.3908574991
-0.3030802883
-0.1053093713
-0.0486463563
-0.0291207865
-0.0235840693
-0.0676882791
-0.0680753834
-0.2902745346
0.0305333397
0.0346150232
-0.0186477091
0.1712240894
-0.0675925174
0.2083117779
-0.0997332482
-0.0224322137
0.1115656083
0.0337604766
0.0233885205
0.1016103945
0.1279639704
-0.1256075953
-0.1471254933
-0.1082447987
-0.0060552302
0.0572391275
0.0637479289
0.0534277209
-0.0437368866
0.0392903696
0.0399251902
0.0787231473
0.0191262643
0.0232660402
0.0726375950
0.0356936548
-0.0573562147
0.0459629791
0.0475673354
0.0367725807
-0.0016924924
0.0279610027
-0.0050856972
-0.0526508073
-0.0045216033
0.0344048115
0.0713806665
0.0180373335
-0.0110070296
-0.0290104317
0.0055208979
-0.0112147002
-0.0191685090
-0.0350168374
0.0109655700
0.0043534062
0.0159904822
0.0308229316
-0.0352520338
0.0188098436
-0.0258167481
-0.0365679669
0.0078353891
0.0012056466
-0.0042983882
0.0034281796
-0.0149694285
-0.0089986544
-0.0052127256
0.0031480363
0.0002281552
-0.0017883459
0.0000000000
0.0000000000
0.0000000000
0.0000000000
0.0000000000
0.0000000000
0.0000000000
0.0000000000
0.3915377446
0.3119276642
0.3688364454
0.2884090196
0.2421298047
0.2065149100
0.1234538884
0.1393843859
0.2560870286
0.0912979191
0.1829903020
0.2061338819
0.2171687685
0.3022418199
0.1715282405
0.0559642973
-0.0683631290
-0.0073864522
-0.0318103507
0.0657894955
0.1772487313
0.0746216631
0.0767848278
0.0023887642
-0.0535012633
-0.0593456950
0.0053473642
0.1127334614
0.0647170959
0.0695886239
-0.0685442303
-0.0620024174
-0.0454659019
-0.0460361126
-0.0061219488
0.1316102753
0.1092076466
0.0469906582
0.0047135292
-0.0787744432
-0.0237171663
-0.0037241367
-0.0197834433
0.1524830507
0.1466833125
0.0373437185
0.0448056145
-0.0674813755
0.0000000000
0.0000000000
0.0000000000
0.0000000000
0.0000000000
0.0000000000
0.0000000000
0.0000000000
0.3220056593
0.0207525504
0.0817215118
0.1419482116
0.1185261649
0.1479107155
0.0086891045
0.2221288942
0.1133886119
0.1032045024
0.2748742911
0.1712162021
0.1779815354
0.2158542777
0.1291123964
0.0492017169
0.0821986568
0.1613023563
0.1643506088
0.2098043165
0.2261513924
0.1470135099
0.2512333115
0.0897030438
0.1588938823
0.2520574617
0.2425121557
0.2347764873
0.1749838719
0.3186832975
0.2395605333
0.1708920963
0.2195572309
0.1360933575
0.2242356276
0.2197811028
0.1955075152
0.2675881762
0.1923564721
0.3052018139
0.1172132666
0.2079529639
0.2382226724
0.2390542548
0.2535643539
0.2525778267
0.3932155006
0.2542731770
0.0674429061
0.1262882763
0.2812363779
0.2775997453
0.3297968334
0.3231902466
0.1887668404
0.2101191780
0.0238977831
0.2097497542
0.0025051446
0.2011579075
0.2505961699
0.3684453460
0.1805642751
0.0253391565
0.4140911439
0.0949448238
0.0388693108
0.1454622674
0.0264117620
0.1016749432
0.0356859464
0.3373398371
0.1377038924
0.2281045850
0.1373856748
0.0421824123
0.0059184407
0.1890925577
0.0999088043
0.0778582907
0.2413475414
0.1090236312
0.2356644251
0.2141077797
0.1476441085
0.1613512642
0.1862393535
0.4226203709
0.2040000613
0.2569973092
0.2278313888
0.3535502226
0.2371374487
0.2144588505
0.3080795661
0.3597906331
0.3262587110
0.1843891171
0.2678422379
0.3053651589
0.2986552427
0.2441481665
0.2718590531
0.4081033826
0.3202095412
0.3088446680
0.2748169966
0.2764533027
0.2961434280
0.3068218682
0.3545060531
0.3477341667
0.4315406403
0.3532608571
0.3242481432
0.2731099610
0.3056050091
0.4126383381
0.3634535766
0.3441070682
0.2497023479
0.4486059561
0.2800351576
0.2098068561
0.4127380825
0.2685546327
0.0548419580
0.3570254512
0.1354965760
0.0167447357
-0.0041114362
-0.1299868772
-0.1478823248
-0.0498863278
-0.0045166864
0.0906846572
0.1845615991
0.2527224323
0.3006971394
0.2100338021
0.2709317798
0.2437396506
0.1702196535
0.1313199695
0.1153005748
0.1869582565
0.2380893979
0.2199867766
0.1450365519
0.1763340935
0.1459862612
0.1907623877
0.1580028128
0.0558638121
0.1862981463
0.1280506600
0.2133155145
0.1707553714
0.1214581672
0.1592140657
0.1600030225
0.0551196905
0.2117278823
0.1136990898
0.1220590731
0.1586016975
0.1723256532
0.2673586905
0.1983017808
0.2149452688
0.2745137516
0.2153310907
0.1886716763
0.2877640131
0.4202965995
0.3906493613
0.3366726108
0.3742187814
0.2633398173
0.3538325651
0.3408395499
0.3286464826
0.3505500369
0.3567154962
0.3849266435
0.3783178682
0.4913179661
0.4360725033
0.4230050483
0.4885328257
0.4392424297
0.4409186106
0.2750419357
0.0785695180
-0.0264269450
-0.0258496990
0.0223455012
0.0210022056
0.0961584569
0.4012792188
0.2466468870
0.2024316970
0.0636636677
-0.0018436052
0.0283646968
0.1632372752
0.2831245466
0.3231864509
0.1352746271
0.0035263436
0.0192406445
-0.0041787704
-0.0349531565
-0.0428069297
0.0808322391
0.2395835818
0.1355551978
0.2234206912
0.0757613692
0.0692410185
0.0213799100
0.0982812788
0.1970939066
0.3608703782
0.3273105689
0.0595541585
0.1930381048
0.1131581517
0.2385133189
0.3091081775
0.2330360430
0.3921926826
0.2833370757
0.4516347391
0.3102544538
0.2158494722
0.2334829440
0.3492344165
0.3856796705
0.3431731210
0.2127664917
0.3337916326
0.4406586435
0.4119349721
0.4205939319
0.4062675798
0.4953616904
0.2241412903
0.2002364240
0.3732977619
0.4148693584
0.3725906171
0.4529043241
0.3015030064
0.1520522468
0.1559604988
-0.0096274121
0.0214080448
-0.0002467962
0.0087837883
-0.0046819451
0.0042711526
0.0002300116
0.0001562807
-0.0010941352
-0.0087959024
0.0443547869
0.0124065310
-0.0132872242
0.0074291513
-0.0029776299
0.0062719943
-0.0090685155
-0.0273170989
0.0109816691
0.0574947068
0.0509276311
0.0490695795
0.0148679172
0.0144114274
-0.0366520550
-0.0258248478
0.0520563441
0.0543520958
0.0668213576
0.0342153794
-0.0136706917
0.0030386899
-0.0215522783
-0.0313349540
0.0092165737
0.1029964774
0.0543166425
-0.0646825833
-0.0696753267
-0.0562126257
0.0016750740
-0.0366598466
-0.0478075072
-0.1053380652
-0.1523196559
-0.0260761796
-0.0779393622
-0.0441979657
0.0455085577
0.0280723081
0.0265555254
-0.0810336651
-0.0536343231
0.0682329209
0.0346452080
0.0653133187
0.0791497395
0.2642563950
0.1813245320
-0.0754524519
0.1433211447
-0.0362031620
0.1835266620
0.0433457678
0.0026627071
0.0117697716
0.0236000750
-0.0076322816
-0.0291798733
0.0400015859
-1.3665393230
1.4961193023
0.0000000000
0.0000000000
0.0000000000
0.0000000000
0.0000000000
0.0000000000
0.0000000000
0.0000000000
-0.2292530823
-0.1324177749
-0.2373653375
-0.0608275627
-0.2657826400
-0.2164169708
-0.1996538717
-0.1746066671
-0.2816077756
-0.1785832351
-0.2306745196
-0.2382178340
-0.2802782645
-0.2844077261
-0.2058160073
-0.2700202122
-0.2263769180
-0.1945020525
-0.1981736789
-0.2767809357
-0.1990199222
-0.1834018081
-0.2088502816
-0.2277186430
-0.2981471254
-0.2582435542
-0.3319848338
-0.2114323662
-0.1915985138
-0.2417563100
-0.1692399050
-0.2836853396
-0.3448784297
-0.3759684406
-0.4253564793
-0.2422891502
-0.2946605312
-0.3367452988
-0.3912954528
-0.3583916780
-0.6282630684
-0.4911480158
-0.5631052076
-0.4575874039
-0.4020224179
-0.3622022499
-0.3978512244
-0.3967765760
0.0000000000
0.0000000000
0.0000000000
0.0000000000
0.0000000000
0.0000000000
0.0000000000
0.0000000000
0.0220210963
-0.2835096812
-0.0985282673
-0.1342751079
-0.2127996379
-0.2006027468
-0.3149556275
0.0274936612
-0.0619701783
-0.1057594773
-0.1194166495
-0.2356496524
-0.2676749105
-0.1987871332
-0.1723881742
-0.1381421476
-0.2876471364
-0.1638834049
-0.2727751377
-0.1639102418
-0.0965252763
-0.3576382503
-0.1228248126
-0.2927032127
-0.1828339719
-0.2072782736
-0.1642399269
-0.2543213507
-0.2996699679
-0.0988810398
-0.1352584126
-0.1380651585
-0.1403826131
-0.2316555551
-0.1655062393
-0.1973444443
-0.0754852646
-0.2081123252
-0.1068895323
-0.1384528239
-0.0876608295
-0.1550847546
-0.1377122941
-0.0704963664
-0.0903849175
0.0021948636
-0.1907979572
-0.0795871184
-0.1407004450
-0.1239260512
-0.2047004535
-0.1603685411
-0.1150668761
-0.1718102141
-0.0591802483
-0.0451330356
-0.1605829555
-0.0396646852
-0.1206949792
-0.0986533728
-0.0377432090
-0.0496673225
-0.0553316706
-0.1331518152
-0.0646306570
-0.1253570463
-0.2445368456
-0.2183091237
-0.2665027091
-0.3217981476
-0.0333480148
-0.0826212328
-0.0170650314
0.0148533138
0.0327693533
-0.1650536847
-0.2739938227
-0.1923855441
-0.1808528344
-0.0678336253
-0.1251088519
-0.1708316351
-0.1319883810
-0.1629210824
-0.1183965778
-0.1624713282
-0.1501325878
-0.2230802128
-0.1235349561
-0.1501778966
-0.0859860943
0.0636703349
-0.1154430642
0.0681270294
-0.2534450243
-0.1232909117
-0.1526840668
-0.1048894032
-0.1706840240
-0.0387728668
-0.0210417068
-0.1310152445
0.0186552760
-0.0657525967
-0.1261681670
-0.1942217970
-0.1490697250
-0.1103537769
-0.1241687325
-0.1480069457
-0.0859284212
-0.0484478240
-0.0859588862
-0.1017972423
-0.1974949451
-0.1877131784
-0.1050288701
-0.0713359241
-0.0550317778
-0.1035987732
-0.1776844023
-0.0899703683
-0.0988620614
-0.1430750838
-0.1110487907
-0.0417825499
-0.0428681516
-0.1590182060
-0.3127524376
-0.2343969714
-0.0268436248
-0.2305574835
-0.0774430303
-0.2847621065
-0.1884537462
-0.2154815639
-0.2110137523
-0.2176374974
-0.2368780722
-0.1697521468
-0.2211756875
-0.2342496928
-0.2597335944
-0.1405538124
-0.0323244324
-0.3043780449
-0.1852377532
-0.2402091660
-0.1637216528
-0.1929995079
-0.3049584924
-0.1672726384
-0.2137447254
-0.1633863659
-0.1914874833
-0.2217989830
-0.1450135463
-0.1856072157
-0.1306897123
-0.2044738132
-0.2000512226
-0.2544655143
-0.2826779270
-0.1561530706
-0.0993257810
-0.0876721241
-0.1176015621
-0.2466441981
-0.1956005302
-0.1886420875
-0.1530911441
-0.1762727500
-0.1819622108
-0.0527627386
-0.1384689948
-0.2216579509
-0.1825395331
-0.2027394905
-0.1221070687
-0.1567926002
-0.1549896834
-0.1990252884
-0.1975707429
-0.1903968477
-0.1178112434
-0.1285163115
-0.0673934442
-0.0104723555
-0.0620327515
0.0194261397
-0.0364832832
-0.0730076032
-0.1716681173
-0.1887387919
-0.0611405867
-0.5777590805
-0.2904220223
-0.1738793728
-0.0772500369
-0.0523512546
-0.0846321566
-0.1630068513
-0.2376770289
-0.3159170997
-0.2512400816
-0.2284974223
-0.2312730355
-0.1307519189
-0.1243775068
-0.1755707669
-0.2147681815
-0.1619864623
-0.2284086943
-0.2473795463
-0.2866341718
-0.1583126645
-0.0996426154
-0.1588412955
-0.0840412851
-0.1051483726
-0.1354897024
-0.2070280400
-0.1517106400
-0.2235960902
-0.1109778559
-0.0836266660
-0.0852878316
0.0496716150
-0.0183616179
-0.1542456757
-0.2237110233
-0.1555071954
-0.1578245299
-0.1329435583
-0.1041371719
-0.1045341208
-0.0573132319
-0.1346919181
-0.2010955150
-0.2411902735
-0.0190606489
-0.0761275387
-0.0606022315
-0.0906788323
-0.1511860484
-0.1470157173
-0.1551309929
-0.1439619980
-0.2808360839
-0.2538112242
-0.0906967269
-0.0800154783
-0.1037063647
-0.1600955170
-0.1334155115
-0.2387822893
0.0733375891
0.1606760202
0.0956504711
0.0401092302
0.2042209197
0.0760760740
0.0849228431
0.2484027818
0.1006730839
0.1867448680
0.1088538459
-0.0081306870
0.0156216760
0.1551341571
0.1857453401
0.1952220071
-0.0297863938
0.1121159305
0.0276070363
0.0267754500
-0.0179817856
-0.0774492889
0.0209093664
-0.0468405911
-0.0779848360
-0.0715727690
-0.0041447063
0.0431037600
-0.0835373168
0.0076631811
-0.0681783993
-0.0414428419
-0.0995627071
-0.0407353474
-0.1769657954
-0.1535456637
-0.1136372721
-0.1399953571
-0.1202782133
-0.1129738463
-0.0430860877
-0.0964496613
-0.0834541146
-0.1296081651
-0.1714476914
-0.1871415600
-0.1455158708
-0.0968608982
0.0839041802
0.0714197653
-0.1700132994
0.0225852824
-0.1192533972
-0.2006242179
-0.0716661451
-0.0213147499
-0.0258730332
0.0079215254
-0.0897108480
-0.0833032175
-0.0494172795
-0.0597604683
-0.0694663580
-0.0272561735
0.0000000000
0.0000000000
0.0000000000
0.0000000000
0.0000000000
0.0000000000
0.0000000000
0.0000000000
0.8994938876
0.7969409395
0.7350538579
0.6259037264
0.5259608954
0.5005316043
0.5159321987
0.5067237124
0.6696018419
0.7252820948
0.6586004631
0.5757147129
0.6110349583
0.5412029220
0.6244124586
0.5582917708
0.5713755209
0.5500731372
0.5613893661
0.5285020163
0.3803742115
0.4545576101
0.4971792267
0.4317657824
0.4807218803
0.4832059865
0.4166065126
0.4126173731
0.4324553292
0.3386627134
0.4109797466
0.4199157746
0.4956051798
0.4611145630
0.4738429155
0.2703159347
0.3903159363
0.4329150106
0.4604895358
0.4738151200
0.4769766098
0.4255680398
0.4249661886
0.1352758706
0.3039837950
0.4055705399
0.4318100700
0.4193570744
0.0000000000
0.0000000000
0.0000000000
0.0000000000
0.0000000000
0.0000000000
0.0000000000
0.0000000000
0.1812338829
0.0395880544
0.1069551691
0.1139025227
0.1290312344
0.1295328525
0.0309542906
0.0731550137
0.1355227349
0.1430120897
0.0779629106
0.1878581460
0.0628753693
0.1185423234
0.1447586487
0.0399716487
0.0957632059
0.0787643758
0.0783184984
0.1241408637
0.2182071608
0.0243041128
0.1098048879
0.0328470271
0.1803360649
0.1920075083
0.1244381577
0.1250615811
0.0946486632
0.0489463144
0.2569918900
0.1731286367
0.1300017201
0.0840569684
0.2078996379
0.2114933249
0.2015272325
0.1384127205
0.2088531301
0.1734145034
0.2652050452
0.1693450376
0.1610457167
0.2152795843
0.0993658675
0.2040164381
0.1941787234
0.2182488217
0.1704580587
0.1001145370
0.1158929895
0.2120383044
0.1131381400
0.1097346673
0.1155804789
0.1965355332
-0.0276767372
0.2527129925
0.0872252114
0.1618192724
0.2028628840
0.1931734423
0.2574150181
0.0186643238
0.2173758906
0.1095772946
0.0257924523
0.1412967394
-0.0158031337
0.0444332658
0.0613724650
0.1806363120
0.1802336763
0.1011765215
0.0554242020
0.0009885934
0.0451215317
0.0761245456
0.0551539246
0.0669145011
0.1219243942
0.1490131317
-0.0185337243
0.0488496501
0.0031076964
0.0548082750
0.1340476832
0.1623720649
0.1512266688
0.1205100188
0.0522385596
-0.0781931178
0.0374029457
0.0419982342
0.0644202862
0.1400422181
0.1029659971
0.1411303128
-0.0012881544
-0.0377725583
-0.0789020962
-0.0446425670
0.0000399204
-0.0164378259
0.1403186345
0.0071393840
0.1563316002
0.1143936804
0.0977544770
0.1748529957
0.1808724242
0.2146807525
0.1361082651
0.1297223326
0.0217529983
0.2057811899
0.0778176443
0.1453884507
0.2716034922
0.0336696610
0.0882663213
0.1899861551
0.3466009750
0.1776766936
0.1732525805
0.2908712380
0.0515837241
0.1609029378
0.3138784030
0.1397663840
0.1878237144
0.1022589109
-0.0364634245
0.1236836500
0.1311596872
0.1371975254
0.1815039048
0.3198531446
0.2686660596
0.2159494375
0.2617999374
0.2553108165
0.3128984756
0.3166930414
0.1676515903
0.1868533341
0.3725090935
0.2552379076
0.2154656090
0.3132535523
0.1825349293
0.2812438055
0.2412756708
0.2434337160
0.1761266347
0.1683503296
0.1151566088
0.1016989574
0.2028442390
0.2269813136
0.1962374941
0.1787628316
0.2013621376
0.1978398778
0.2239825373
0.2679244829
0.2583619102
0.1680610283
0.2280652466
0.2435524016
0.3462129178
0.4627245892
0.2179292249
0.2317827810
0.3260525766
0.2425591530
0.3209379497
0.2980095878
0.3333236925
0.2971387513
0.3086107763
0.2868813154
0.2948512121
0.2089640375
0.2899622639
0.2683830731
0.0861456519
0.2082888758
0.2357559493
0.2389333695
0.2976626618
0.2761537021
0.2780406183
0.1514693070
0.0402359001
0.1132932656
0.0478407100
0.0535984102
0.1690442984
0.2662695124
0.1168021564
0.0510772921
0.0288301137
0.1117436506
0.0518761294
0.0897465880
0.1969222679
0.2262975334
0.0340221233
0.0670087798
-0.0493062887
-0.0692796725
-0.0940421344
0.1080534824
0.1216944219
0.2184634098
0.1814868453
0.1812305382
0.0259443284
-0.0949789920
-0.0525940449
0.0417202270
0.1759433251
0.0402492338
0.1334748954
0.1174873408
0.1306202516
-0.0020665332
0.0637048375
0.1639067498
0.2693236744
0.1535221267
0.1841952049
0.0561684071
0.2156194946
0.2516154721
0.3944949319
0.3726122057
0.4628910445
0.2696881505
0.1485728190
0.2937617464
0.2181489204
0.2030012105
0.3025646803
0.2404929147
0.3060164782
0.1098684278
0.1988497132
0.1878190223
0.1981938276
0.5264639730
0.1737037250
0.2655953210
0.1283239044
0.0598920078
-0.0419014109
0.0658842309
-0.0037786871
0.0207424365
-0.0241291763
0.0335557057
-0.0005539024
0.0055556029
0.0244896487
-0.0007177310
0.1531464859
-0.0103605236
-0.0036479694
0.1520999718
0.0581194315
0.0214394358
0.0412814682
-0.0809098882
0.1399129014
0.0692769759
0.1619545157
0.1939977139
0.0611918924
0.0633651488
-0.0104420245
-0.0634764371
0.0498445388
0.0454029839
0.1339434066
0.0459625541
0.0187994386
0.0328178260
0.0148027323
-0.0848216073
-0.0776215801
0.0787853555
0.0026390335
-0.0770257665
-0.0742042632
-0.0254052249
0.0426340922
-0.0946391957
-0.1230276956
-0.0573312725
-0.0111417872
-0.0744207281
-0.0569012624
0.0186713425
-0.1124458510
-0.1241013420
-0.1444160349
-0.0659230183
-0.0806821560
-0.1851232776
-0.2262301935
-0.0675336192
-0.0514861292
-0.0577334635
-0.1735319890
0.0143656558
-0.2044442000
-0.0751843068
-0.1583596127
-0.1115998675
-0.0416760862
0.0516216633
-0.1193461620
0.1486597849
0.0031426415
0.0196733155
-0.8452378912
0.6307447509
0.0000000000
0.0000000000
0.0000000000
0.0000000000
0.0000000000
0.0000000000
0.0000000000
0.0000000000
-0.0389441515
0.1299138113
-0.0672089174
-0.1396861528
-0.0733525416
0.0489086644
0.1417276503
0.0218444082
0.0391712069
0.0995712876
-0.0030991260
-0.0521391994
-0.0314559249
-0.0040759078
0.1764721975
0.0533718143
0.0512444077
0.0626720552
0.0376389743
-0.0270848674
0.0111607621
0.0289692429
0.1695081279
-0.0135874748
-0.0484513315
-0.0451891910
0.0686663075
-0.0886774991
-0.0123015430
-0.0183870763
0.0693830877
-0.1608993288
-0.1302051586
-0.1155467969
-0.1081639206
-0.2550257773
-0.1627912033
-0.1586445133
-0.1856109382
-0.2391134153
-0.0710180956
-0.0173385735
-0.0869904711
-0.0677049642
-0.0675939022
-0.0557020500
-0.0295135600
-0.1187685830
0.0000000000
0.0000000000
0.0000000000
0.0000000000
0.0000000000
0.0000000000
0.0000000000
0.0000000000
-0.0118772115
-0.1011201050
-0.0337729808
-0.0418032536
-0.1051823560
-0.1579540520
-0.1160076492
-0.0130094396
-0.1345856436
-0.0669353128
0.0136521658
-0.0988152301
-0.1979315578
0.0574199136
-0.0154538105
0.0798732109
-0.0400602247
0.1079366701
-0.0538808522
-0.0113488296
-0.0321192883
-0.0917838454
-0.1618573657
-0.0329871768
-0.0968790765
-0.0032337032
0.0464259718
0.0590746684
-0.0309524967
0.0755911114
-0.0702436799
-0.2129655046
0.0489534683
0.0411468310
0.0127210887
-0.0250635833
-0.0334878860
-0.0758773805
-0.2558648294
-0.0760433026
-0.0163911389
0.0127563454
-0.0190282322
-0.0501350854
-0.1300972588
-0.1226876150
-0.0852360116
-0.0203631454
-0.0483392383
0.0047714551
-0.1503056419
0.0154480752
-0.0241439291
-0.0836963327
-0.0392804417
-0.0642454513
-0.1030114133
-0.0229469221
0.0025212438
-0.0335171263
-0.0309883176
-0.0315942288
-0.0056851452
-0.0663283286
-0.1141600949
-0.0683230283
-0.1368235174
0.0058016504
-0.0260722977
-0.0636990990
0.0109621319
-0.0386159928
-0.1371664006
-0.1223918547
-0.0715554620
-0.1127493674
-0.0291093111
-0.0219230472
0.0025943527
-0.0926549229
-0.0477541830
-0.1284104370
-0.0311906432
-0.0336088441
-0.0675550339
0.0436920754
-0.1158238804
0.0298798775
-0.0726400816
-0.0409949605
0.0041003751
0.0585643613
0.0662680934
-0.0735038238
0.0183481238
-0.1614567045
-0.0517293727
0.0796653991
-0.0368593262
-0.1395463623
-0.0109780677
-0.0134044261
-0.0344564305
-0.1192774851
-0.0145382562
-0.0288852135
-0.0650284908
0.0177501120
0.0230902996
-0.0708902050
-0.0365098796
-0.1305071899
0.0071048069
-0.0214817161
-0.0666928084
0.0605754204
-0.0248837236
-0.0602393646
-0.0167846370
-0.0448819112
-0.0417295495
-0.0259916217
-0.0232730849
0.0024260118
-0.0274129851
0.0059726680
-0.0189457366
-0.0293052011
-0.1580896173
-0.1215426553
-0.1090209822
-0.1035385114
-0.0115886843
-0.1590441913
-0.0098539197
-0.1497796934
-0.1559472018
-0.0170622331
-0.0042892369
-0.0850787446
0.0740284622
-0.0510929113
0.0312564792
-0.0984699461
-0.0523521560
-0.0573840199
-0.0142157152
0.0076049527
-0.0617510754
-0.0914303824
0.0280054282
-0.0028223940
0.0049422152
-0.0222501049
-0.0244632467
0.0891012965
0.0138205475
0.0041268286
-0.0785146291
-0.0409331268
-0.0698973616
-0.0159736951
0.0377618922
-0.0148458728
0.0228407142
-0.0990265789
-0.0234218869
0.0072974549
-0.0718922199
-0.0520979075
-0.0114922938
0.0358510791
-0.0132890819
-0.0328296573
-0.0659975928
-0.0477718727
-0.1028954494
-0.1028092900
-0.1777030075
-0.0030225083
-0.0850802742
-0.0999850023
-0.0322805836
-0.0272554107
-0.1275076502
-0.0503817829
-0.0810770574
-0.0322562404
-0.0361138325
-0.0063344630
-0.0508245058
-0.0810407055
-0.0010613304
-0.1030999951
-0.1923884206
-0.1087859335
-0.1702842006
-0.0106308536
-0.0314781088
-0.0463950564
-0.0804288389
-0.0430190196
-0.1329667153
-0.1563175918
-0.1380566996
0.0104222064
-0.0698689131
0.0145149329
-0.0633505546
-0.2310588413
-0.0407897757
0.0241157148
-0.1106389942
-0.1388812638
-0.1023526993
-0.1477600132
-0.1565129816
0.0107834874
-0.0501291380
0.1440617519
0.0763999558
0.0236253971
-0.0682571190
-0.0730229590
-0.0051223600
-0.0464492791
0.0136439853
0.0532524539
0.0101810913
0.0365266334
-0.0285411267
-0.0696742426
0.0107334498
0.0393583544
-0.0379953298
-0.0075964203
0.0713702998
0.0597016744
0.0313186654
-0.0250077075
-0.0657596405
-0.0172954482
-0.0557880683
0.0134298170
0.0536524280
0.0650988540
-0.0582417914
-0.0504856253
-0.0145933990
-0.0432069621
0.0035891039
0.0990648096
-0.0189190336
0.0316903033
-0.0347072878
-0.0078624602
-0.0680696342
-0.2385186716
-0.1881078005
-0.0771981496
-0.0583651777
-0.1639982509
-0.1003612876
-0.1426606049
-0.0830393373
-0.0316941085
0.0439095726
0.1242072459
0.0144238669
0.1121738970
0.0093493914
0.0125482368
0.0097139537
-0.0137664852
-0.0558871767
-0.0252501564
0.0768771277
0.0793898154
0.0126015324
-0.0618964094
-0.0186536082
-0.0410538401
-0.0431557976
-0.0407070968
-0.0106898244
-0.0398914386
0.0399166852
-0.0374510760
0.0036205633
-0.0439408551
-0.0494614719
-0.0462470531
-0.0763995403
-0.0658411140
-0.0582012649
-0.0210312592
-0.0187817589
-0.0272668046
-0.0254490416
-0.0159141327
-0.0287723829
-0.0303152137
-0.0542553238
-0.0381720601
-0.0085513869
-0.0043348727
-0.0068290038
0.0014075209
0.0096372650
0.0007675250
-0.0101538931
-0.0167561788
0.0071565775
-0.0056291173
0.0040179430
0.0202061853
0.0050316023
-0.0101632769
-0.0047271120
0.0056022129
0.0000000000
0.0000000000
0.0000000000
0.0000000000
0.0000000000
0.0000000000
0.0000000000
0.0000000000
-0.1308098947
-0.0922497626
-0.0438856938
-0.0637361862
-0.0621061222
-0.0518009276
-0.0335518703
-0.0716110835
-0.2274637274
-0.1390892333
-0.2508552126
-0.2576434822
-0.2130260153
-0.1295619795
-0.1632446103
-0.0923523047
-0.0802485664
0.0354439240
-0.0050934535
-0.0381144203
-0.1669702338
-0.0259434411
-0.1579438169
-0.2085078282
-0.0423804918
0.1479853427
0.0368998021
-0.0298739046
0.0393851753
0.0841071445
0.0973251868
-0.0429258095
0.0044482487
0.0664597552
0.0250701516
-0.1025375766
-0.0477759207
-0.0309224639
0.1264599257
0.0513713484
-0.0675503611
0.1067891673
-0.0269556642
-0.1543935522
-0.0709509438
0.0776059708
0.1101966391
0.0080982475
0.0000000000
0.0000000000
0.0000000000
0.0000000000
0.0000000000
0.0000000000
0.0000000000
0.0000000000
-0.0642802967
-0.0030261349
-0.0255704847
-0.0386322676
-0.0328620296
-0.0283271565
0.0127933701
-0.0505286814
-0.0111568992
-0.0483050231
-0.0730134120
-0.0495670521
-0.0615654971
-0.0477845133
-0.0064230235
-0.0317323972
-0.0410982062
-0.0302050186
-0.0008335696
-0.0733696411
-0.1164099846
-0.0704524797
-0.0840616540
-0.0560481546
-0.0694224230
-0.1480725287
-0.0612445527
-0.0587637595
0.0595854888
-0.0828971496
-0.0920336797
-0.0404397020
-0.0666606419
-0.0335569236
-0.0103786130
-0.0314086030
-0.0062474504
-0.0517814247
-0.0053025761
-0.1662799200
-0.0506387793
-0.0140697144
-0.0917521444
-0.0120026939
0.0902648577
-0.0428972942
-0.1701576773
-0.1285955269
0.0122302523
0.0083028170
-0.0804159298
-0.1401942643
-0.1768355945
-0.0022801307
0.0013413629
-0.0320140700
-0.0200203353
-0.1058754810
0.0199387915
-0.0410014986
-0.0444865993
-0.1694097232
-0.0984677040
-0.0210833036
-0.0508711629
-0.0057569214
0.0176435344
-0.0301735459
0.0025365885
0.0064351594
-0.0015112976
-0.0470582781
-0.0318765746
0.0155639213
0.0291752387
0.0180342926
-0.0360938775
-0.0841513304
0.0142119296
-0.0198671705
-0.0453377801
-0.0473862034
-0.0268550951
-0.0404146897
0.0031949659
-0.0919234123
-0.0798260488
-0.1472682728
0.0313909280
-0.0591734722
-0.0237074311
-0.0349657058
0.0177489168
-0.0408862779
-0.0136645078
-0.1744091057
-0.1192279979
-0.0540700023
0.0198522225
0.0069145132
0.0720271842
0.0883734633
0.0700616522
-0.0847472624
-0.1041502674
-0.0077045953
-0.0520833026
0.0010212671
-0.0830344731
0.0337651258
-0.0368403430
-0.1625711348
-0.0881488762
-0.0564648632
-0.0289025002
-0.1476189417
-0.0551103421
0.0047318339
-0.0035024265
-0.0183875872
0.0055848232
-0.0420720623
-0.1029672015
0.0849576443
-0.0785940419
-0.0749523120
0.0114033998
-0.0777766726
-0.0658492638
-0.0357641539
-0.0612654497
-0.0562000582
0.0059713215
-0.0429570881
-0.0232574904
-0.0282029866
-0.0730418909
-0.1884404329
-0.0845487137
0.0160756005
-0.0486089900
-0.0603463476
-0.0364396138
-0.0957187264
-0.0424474749
-0.0169103134
-0.0802021554
-0.0862236383
-0.0357326364
-0.0719719643
-0.0623777315
-0.0647109595
-0.0272334735
-0.0481678023
-0.0598792397
-0.0185405586
-0.0281611269
-0.0412014680
-0.0215578181
-0.0271566473
-0.0836273771
0.0155944728
-0.0460076786
0.0153220354
-0.0430308722
-0.0458768931
-0.0789642762
-0.0394979841
-0.0000530274
0.0286360837
-0.0197493744
-0.0571509664
0.0708863648
-0.0541065566
-0.0456724301
-0.0694729885
-0.0586740237
0.0450596462
0.0077102603
-0.0449756861
-0.0253272891
-0.0261263321
-0.0107006782
-0.0617841952
-0.0883432972
-0.0293770491
-0.0692342835
-0.0662628464
-0.0710730417
-0.1690787493
-0.1495569928
-0.1383551001
-0.1083127878
-0.0121369100
0.1085007021
0.0576934023
0.0688194816
0.0243094623
-0.0131434421
-0.0318166756
-0.0982965304
-0.0462365315
0.0032567439
-0.0077415924
0.0339105128
-0.0354762967
-0.0755149685
-0.0443326582
0.0017526475
-0.0112778760
0.0673792439
0.0560016125
0.0179046864
0.0645911272
0.0708926688
-0.0063195695
-0.0105149103
-0.0733929033
0.0155185024
0.0347844560
0.0846419302
-0.0132685312
-0.0464726532
-0.0877414169
-0.0985896191
0.0189448774
0.0133860655
0.1997183138
-0.0189982949
-0.1117929244
-0.0173975176
-0.0218347769
-0.0364622820
-0.1421575230
-0.0574626565
0.0177526601
-0.0692451440
-0.1272907548
-0.2682333953
-0.0380942793
-0.0434172770
-0.0490527533
-0.1587069474
-0.1524853209
-0.1927960792
0.0294211974
-0.0260859764
-0.0297535638
-0.0692600960
-0.0729475914
-0.0945231349
-0.1138169920
-0.0538216953
-0.0717310043
-0.0101941240
-0.0035833701
0.0009588694
0.0019930604
0.0125172792
0.0024410089
0.0174200361
0.0060993886
0.0129646133
0.0047883450
-0.0035828086
0.0116940228
-0.0035090343
-0.0023270639
-0.0102890527
0.0076725480
0.0037252829
0.0014923129
0.0056371375
-0.0097238335
-0.0200587661
-0.0107057037
-0.0261863253
-0.0332788214
-0.0476918458
-0.0091449632
-0.0127559515
-0.0201212409
-0.0478871984
-0.0407915396
-0.0432185063
-0.0021085799
-0.0300330593
-0.0374309986
-0.0027376757
0.0039722723
-0.0463293298
-0.0420961794
-0.0572231216
-0.0215539970
-0.0432207499
-0.0418533919
-0.0077527152
-0.0205827709
0.0047951320
0.0311375786
-0.0182612278
-0.0435787895
0.0077362838
-0.0779345689
-0.0356854708
-0.0277873677
0.0124781370
0.0323381661
0.0029992278
0.0270832223
0.0978059129
-0.0920785386
-0.0938395931
-0.2397729831
-0.1456461010
-0.0872852199
-0.0610152745
-0.1126287677
-0.1210334984
-0.0740585425
-0.0121940108
-0.0186677941
-0.0192268370
-0.0112078687
-0.0095648121
-0.0133539419
-0.0224714480
-0.1163688464
0.0000000000
0.0000000000
0.0000000000
0.0000000000
0.0000000000
0.0000000000
0.0000000000
0.0000000000
-0.2048341987
-0.2806802166
-0.1195328481
-0.0562527889
0.0289819709
-0.2122197818
-0.2512288091
-0.2428735710
-0.1999493504
-0.2834217568
-0.1838375358
-0.0703079117
-0.0534698083
-0.1534068143
-0.3024159916
-0.1943780636
-0.2738620193
-0.2454658754
-0.2148925890
-0.1113099853
-0.1656089699
-0.2017431349
-0.2289752497
-0.1638968604
-0.1735814754
-0.2462295424
-0.2729472869
-0.1954098496
-0.2286178679
-0.2767917987
-0.2178720366
-0.1873530587
-0.3574932990
-0.2620930025
-0.1827649445
-0.2192160566
-0.2372970499
-0.0949568951
-0.1079506068
-0.2263698123
-0.0760564219
-0.0625962793
-0.1188113650
-0.0809633506
-0.1536914372
-0.0458570870
-0.0819428308
-0.1423166052
0.0000000000
0.0000000000
0.0000000000
0.0000000000
0.0000000000
0.0000000000
0.0000000000
0.0000000000
-0.0107081279
-0.0872506970
0.0148801730
-0.0102827383
0.0425805707
0.0442101645
-0.0391644387
-0.0000871795
-0.0428701027
0.0130180657
0.0438978224
-0.0068828272
0.0923870036
0.0062370348
0.0229521955
-0.0312077655
0.0181345840
0.1146350152
0.0964339055
0.0628257731
0.0148276134
0.1605172846
0.0295595006
0.0115566882
-0.0281606249
0.0023832893
-0.0148896831
0.0577895479
-0.0165724484
0.0061003151
-0.0516460245
-0.0619012337
0.0162049897
-0.0198614480
-0.0032880358
0.0536014512
-0.0445949501
0.0926235621
-0.0837221239
0.0070935804
0.0289261182
0.0248379372
0.0007922399
0.0436679119
0.0192999867
-0.0731445364
-0.0266811508
-0.0331148369
0.0078424802
0.0080102893
-0.0584714455
-0.0119986821
0.0074162477
-0.0257839350
-0.0424308258
-0.0674333737
-0.0387078234
0.0018990014
-0.0164503781
-0.0285548944
-0.0368326540
-0.0048372675
0.0288751433
-0.0347917231
-0.0578913747
0.0093330503
-0.0088815916
0.0483683905
0.0663157178
0.0674216858
-0.0357502015
0.0018054074
-0.0746770313
0.0247800566
0.0443828345
-0.0244433845
0.2236303432
-0.0319718020
0.0114188753
0.0415956605
0.0194780573
0.0167290660
0.0843048595
0.1214929327
0.0822992522
0.0391448024
-0.0918946051
-0.0665226255
-0.0321333171
0.0025431673
0.0103200758
-0.0460499531
0.1650690174
-0.0248606037
0.0648331807
-0.0197442154
-0.0173851779
0.0285366320
0.0282755403
0.0435201069
-0.0278349799
0.0079644983
-0.0828904831
-0.0784558213
-0.0126468782
0.0114222583
-0.0228605068
0.0020635419
0.0396373562
0.0553896751
-0.0070730650
-0.0591573533
0.0322196081
0.0831356957
-0.0315983202
0.0900148320
0.0322745047
0.0204592732
0.0236383436
-0.0126679132
-0.0111531577
0.0284479960
-0.0230890824
0.0766757889
-0.0237449403
0.0118924667
-0.0124414059
-0.0016854342
0.0075833888
-0.1017341139
-0.1313265908
-0.0333019023
-0.2375800422
-0.0416774428
-0.1289156976
-0.1051738692
-0.1422533308
-0.0160625675
-0.0428184889
-0.1804093599
-0.0825015048
-0.0115072262
-0.0102582224
-0.0682923851
-0.0990157511
-0.0450016381
-0.0866552809
0.0192879853
-0.1029523523
-0.0984607564
-0.0013008860
-0.0000506250
-0.0172781507
-0.0879989201
-0.0919039937
0.0132521476
-0.0241655768
-0.0370169286
-0.1017451625
-0.0229803403
-0.0901710626
-0.0883083300
0.0163424802
-0.0216645435
-0.0051480916
-0.0929353907
-0.0049494966
0.0616953491
-0.0677775901
-0.0500763072
-0.0182183607
0.0144084462
0.0110074012
-0.0625125214
-0.0244167179
0.0059800444
-0.1272700288
-0.1531944497
-0.2147768179
-0.0371750853
-0.0968819284
-0.1236167657
-0.0937300042
-0.0260067881
-0.1940043066
-0.0506866692
-0.0895521791
-0.0515505014
-0.0099013505
-0.0686888571
-0.0350637997
-0.1521552470
-0.0518620809
-0.0433698421
-0.0786493710
0.0140484965
-0.0482241982
-0.0783716462
-0.0158829028
-0.0461729682
-0.0346794640
-0.0398141145
-0.0660483487
0.0841256631
0.0265331019
0.0199017324
-0.0957452058
-0.0006816561
-0.0487920554
-0.0773830862
0.0065900500
0.0331581870
-0.0134245339
-0.0110028302
-0.0937853431
-0.0707710869
-0.0393392751
0.0018378964
-0.0463998868
-0.0116600964
0.1302779416
0.0287647010
-0.0383303397
0.0070158561
0.0006752065
-0.0160331249
0.0826749666
0.0555446663
0.0920182369
0.0770066154
0.0026118031
-0.0347993868
0.0160139493
0.0381354975
0.0811357655
0.0816571538
0.1015956404
0.0704290882
0.0579969203
-0.0071821647
-0.0094188566
-0.0359028754
-0.0219508538
0.0463052442
0.0579269163
0.0723700352
-0.0207206955
-0.0574759452
0.0039034926
-0.0158693922
-0.0014300736
0.0059213376
0.0196262722
0.0063543505
-0.1154858636
0.0147446584
-0.0252899948
-0.1002418138
-0.0369894965
-0.0208780371
0.0122052237
0.0180650051
0.1322855119
0.0484881984
-0.0872544114
-0.0624757901
-0.0625989064
0.0118314341
0.0782487920
0.0130653887
0.0888658025
-0.0143355258
0.0615149124
-0.0081553726
0.0271264216
0.0862133576
0.1553631628
0.1638539146
0.0707339930
-0.0172440000
0.0287924332
0.0597578014
0.0827488006
0.0192240063
0.1312047710
0.0896409116
0.3281848441
0.0279056746
0.0631676788
0.0310587794
0.0499547856
0.0703460676
-0.0764896659
0.0770476028
0.1447450408
0.0877159128
-0.0361983289
-0.0316972684
0.0014054913
0.1215731041
-0.0064937552
0.0028919088
-0.0540937856
-0.0806667263
-0.0093715835
0.0015480925
0.0573346296
0.0647652611
0.0746536962
0.0257894386
0.0140438800
-0.0393843482
0.0484577811
-0.0224915288
0.0783972669
0.1219303469
0.0449521216
0.0226103618
0.0354148356
0.0508900106
0.0000000000
0.0000000000
0.0000000000
0.0000000000
0.0000000000
0.0000000000
0.0000000000
0.0000000000
-0.2130899310
-0.2391649557
-0.1583074009
-0.1415667450
-0.1233740670
-0.1498011174
-0.1860303297
-0.1548043288
-0.3085019783
-0.2701436054
-0.2481729729
-0.2545510862
-0.2597034608
-0.2238827681
-0.2349590563
-0.0934101878
-0.1995137246
-0.2204941929
-0.2017024249
-0.2786735751
-0.0989533088
-0.1684047167
-0.2372491375
-0.1316906924
-0.2307113067
-0.3033563125
-0.2959673157
-0.1609866614
-0.2048558531
-0.2331312733
-0.2369587874
-0.1224092093
-0.2337902819
-0.2035256809
-0.1805034829
0.0403344707
-0.1082989703
-0.1395030543
-0.2503457126
-0.1794916439
-0.2289301519
-0.2728398771
-0.1921703022
-0.0226043026
-0.1021898313
-0.2358940300
-0.2097029350
-0.2122090655
0.0000000000
0.0000000000
0.0000000000
0.0000000000
0.0000000000
0.0000000000
0.0000000000
0.0000000000
-0.0342590694
-0.0024557905
-0.0188534780
-0.0389142713
-0.0258873055
-0.0341518054
0.0049442078
-0.0204457886
-0.0093690897
-0.0196308011
-0.0008606173
-0.0495049479
-0.0562424417
-0.0431982901
0.0085733100
-0.0110190838
-0.0458380599
0.0011782036
0.0460270028
0.0398053744
-0.1038644573
0.0121262341
-0.0556036455
-0.0428487264
-0.0598128395
-0.0304084904
0.0046727766
-0.0086779671
-0.0624743083
-0.0572431411
-0.0150471239
-0.0426940434
0.0004015957
-0.0470985085
-0.0772577354
-0.0427620930
-0.0527425683
-0.0157438636
-0.0266480080
-0.0642648932
0.0494999805
0.0341802958
0.1552771004
0.0248581540
0.0801181760
0.0731471767
-0.0483445504
0.0187113305
-0.0075871953
0.0093683148
0.0153060818
0.0149165307
0.0214269046
0.0393592523
-0.0000581007
-0.0278125510
0.0102264372
-0.0262488918
0.0513746857
0.0128685973
0.0312363768
-0.0490891234
0.0522225726
-0.0280398692
-0.0127760759
0.0118680865
0.1023327990
0.0283277994
0.0544107361
0.0303704173
0.0093894753
-0.0163177414
0.0170357775
0.0944694768
0.0905293243
0.0966312829
0.0537235151
-0.0157091394
0.0299597100
0.0212127424
-0.0197454293
-0.0387294194
0.0194847848
-0.0115095010
0.1202950755
0.0345239613
-0.0411430669
-0.0769116569
0.0354215610
0.0133963160
0.0972579947
0.0717345730
0.0564397104
0.0979498714
-0.0339811603
-0.1069693634
0.0197420944
0.0853606982
-0.0095918913
0.1557172467
0.0000889943
0.0491376823
0.1271288614
-0.0075494782
-0.0628766445
0.0445527217
0.0023672350
0.0516770925
0.0433126002
-0.0028699604
0.0564795735
-0.0655839940
-0.0320968311
-0.0656480724
0.0828551662
0.1264955898
0.1546096034
-0.0039026578
-0.0808188533
0.0398496027
0.0525140309
0.0055343182
-0.0937372400
0.0306508850
-0.0089637396
0.0862880471
0.0157596089
-0.0418742835
-0.1075997920
-0.0505505822
-0.0944384694
-0.0816240832
0.0036836130
-0.0047366120
-0.0377742027
-0.0245048633
-0.1047393397
-0.3017785471
-0.1332834150
0.0221620441
-0.1059897578
-0.1077374800
-0.1019807429
-0.1657203567
-0.0747114361
0.0375983892
-0.1560381537
-0.1689978952
-0.0957505815
-0.1706405003
-0.0876545489
-0.0493620265
0.0627572495
-0.1410749829
0.0241673404
-0.0105106846
-0.0004428606
0.0767484014
0.0193383760
-0.0553436922
-0.0140364208
0.0500710766
-0.0006834884
-0.0359972727
-0.0073710217
-0.1164856470
-0.1115562735
-0.0353600659
-0.0157822497
-0.0438363402
-0.0257266626
-0.1076958211
0.0434426372
0.0573682052
-0.1065217219
-0.0645556067
-0.0987168408
-0.0195710330
-0.0034056412
-0.0941910205
-0.0593320553
-0.0691722911
-0.0658640356
-0.0343375572
-0.0425339771
-0.1364309068
-0.0871262994
-0.0946368952
-0.1202933811
0.0218365547
-0.2031695685
-0.0813292026
-0.1212028157
-0.0005070209
0.1338869416
0.0251461429
0.0477288248
0.0569931883
-0.0637465582
0.0543128218
-0.0971455781
-0.0295289217
0.0207177078
-0.0522420682
0.0327275663
0.0120945568
-0.0598888668
-0.0529374770
0.0456829006
-0.0263415915
0.1325202050
0.1062534365
0.0960033990
0.0601028222
0.0311456550
0.0066277216
-0.0187150078
-0.0495827411
0.0266934971
0.0612338909
0.0613847840
0.0010291355
0.0467222420
0.0060832420
-0.0402229875
0.0176761751
0.0170796821
0.0983452835
0.0669186172
-0.0809424499
0.0215614215
0.0721069651
-0.0425574257
0.0531798534
0.0051505516
-0.0418495565
0.0152102111
-0.0391816163
-0.1400974067
-0.0690514492
-0.0762759680
-0.0194758911
-0.0667262249
0.0366234074
0.0585676826
0.0008231166
-0.0411111867
-0.0364672627
-0.0439906761
-0.0191330728
-0.0323226692
0.0107580919
-0.0427982068
-0.0341293788
-0.0187555047
0.0339307441
-0.0005965761
0.0327585871
0.0551499714
0.0054896328
0.0961468528
0.0219499155
0.0497405692
-0.0000814398
0.0232742297
0.0545077226
-0.0155591421
0.0785283281
0.0411891719
0.0142891962
-0.0301049000
0.0671165494
0.0579728711
0.1039954120
-0.0299269129
0.0607768658
0.0218636149
-0.0589050812
-0.0072978500
0.0707569660
0.0267968005
-0.0246065008
0.0554640781
0.0106717468
-0.0168702903
0.1406399618
0.0550660529
0.0277164356
0.0339765666
0.0993912710
0.1049615772
0.0650437862
0.1059923312
0.0646617612
0.1208491955
-0.0134838788
0.0043646365
0.0394767594
0.1423034498
0.0679426637
0.1274569871
0.1375202314
0.0097260726
0.0420176138
0.0473825894
-0.0102772496
0.0641839082
-0.0083041253
0.0153202723
0.0751232315
0.0034259707
0.0108003713
0.0226522698
-0.1823891103
0.0685446933
-0.0905191752
-0.0435455800
0.0695477825
0.0861246447
-0.0345202405
-0.0133089802
-0.0027951110
-0.0222920549
-0.0302930313
-0.0105645868
-0.0317513203
0.1516326587
0.0363915653
0.0000000000
0.0000000000
0.0000000000
0.0000000000
0.0000000000
0.0000000000
0.0000000000
0.0000000000
-0.0180240821
-0.0085498285
0.0038497833
0.1308716974
0.1360282865
-0.0212170831
-0.0008789684
-0.0655357975
-0.0647806600
-0.0449060376
0.0273900013
0.0711704094
0.0755546928
-0.0024537012
-0.0477178909
-0.0611896116
-0.0828162637
-0.0122173251
0.0010048105
0.1266561022
0.0950271727
0.0598427231
-0.0874996162
-0.0790668064
-0.0680189311
0.0135949144
-0.0613248535
0.1039092963
0.0877716524
0.0586490022
0.0601665386
-0.0008443370
0.2380640879
0.2702229576
0.1521453858
0.1917272625
0.1783724487
0.2288650454
0.2572365730
0.0647076925
0.3303453811
0.2357021623
0.3120817418
0.3402455330
0.2861398514
0.1690929677
0.1339594144
0.2397940297
0.0000000000
0.0000000000
0.0000000000
0.0000000000
0.0000000000
0.0000000000
0.0000000000
0.0000000000
-0.0153648421
0.1971663466
0.1780182057
0.1897000459
0.1989620309
0.4252749180
0.1977426572
-0.0200252138
0.0946047059
0.1655466062
0.2253004199
0.2584849112
0.2984149479
0.2247703319
0.1981038023
0.1632425856
0.1507945124
0.1791196072
0.2289295361
0.2588033835
0.2972604182
0.2620531284
0.3840218501
0.1404911461
0.2325140853
0.1750827758
0.1882368652
0.1549602347
0.1841523685
0.1788558246
0.2845945769
0.2975692155
0.0611965625
0.1848034050
0.1996372168
0.2539421290
0.2316260223
0.2496190694
0.3468085632
0.1974780468
0.0376357607
0.2008808820
0.1751939572
0.2873981963
0.3759568170
0.1995716654
0.2598936381
0.1145552345
0.2106751422
0.1430670684
0.4737166437
0.0822988115
0.0849934663
0.2937305998
0.0301235959
0.1274184416
0.3583579431
0.0413586179
0.0425651601
0.1542104878
0.0932883933
0.0904625988
0.0482427814
0.3985321199
0.2677057838
0.4948141179
0.3699552895
0.2007508325
0.2910558598
0.2765123281
0.1408306534
0.1765577496
0.3848357847
0.4712775120
0.3683419051
0.3192624155
0.2855081237
0.3096474044
0.3955459501
0.4911383690
0.3698379341
0.3584023682
0.3418445993
0.3027545650
0.3331519992
0.2992323229
0.3755440905
0.2514325991
0.3627709418
0.2967570101
0.2670116572
0.3131281350
0.2324194771
0.3637812863
0.2734959598
0.4125438397
0.3827914474
0.1781244237
0.3176902600
0.3538586219
0.3330347103
0.1918024302
0.3223885805
0.3170743605
0.2362782686
0.2899285083
0.2045790384
0.2763811321
0.1660684978
0.2137958149
0.2755423107
0.4577470974
0.0851529950
0.2179390757
0.3871244233
0.0787259112
0.0405129148
0.1011597343
0.1895359964
0.2532321924
0.4301989046
0.0236403827
0.0736591104
0.1748936466
0.1114228244
0.0598222581
0.0556454620
0.3813678519
0.3766117221
0.3567295077
0.4646428053
0.4396778784
0.3673575068
0.4433693282
0.3175813541
0.4294000739
0.3859124064
0.2775771400
0.3333682688
0.3081487582
0.2584692548
0.3518463318
0.3230615586
0.4296339951
0.2463097944
0.2868191285
0.2406183049
0.2408875425
0.2965505455
0.3031074079
0.2649100326
0.3585564226
0.1521484813
0.1031735939
0.1801376012
0.1384187535
0.1739298918
0.1914372038
0.1768317367
0.2162951315
0.2300018316
0.1284860974
0.1190082269
0.1154084227
0.1084908856
0.1974837393
0.1162320473
0.1250264285
0.1530784873
0.1964979480
0.1958117302
0.1533977307
0.1652020281
0.1333424432
0.0471791427
0.1383162341
0.2598270086
0.2236309789
0.3051386839
0.2680599382
0.2877532876
0.2311470306
0.1316417047
0.1758531860
0.1872898820
0.0327798919
0.0513897896
-0.1312265005
-0.1414179493
-0.0610869321
0.0099526680
0.1516841699
0.1389989134
0.3337057839
0.5100544546
0.3662531717
0.4074009843
0.2844533292
0.1255823766
0.1319454759
0.2498476478
0.2681256660
0.3749183729
0.4394008386
0.4018608758
0.3901247617
0.4384115915
0.2610033088
0.2168668643
0.4007139059
0.3356780595
0.2815670910
0.3235532542
0.3828973357
0.3417499441
0.4390023828
0.3881703388
0.1434602596
0.2635219653
0.1648623262
0.2696686249
0.2006120149
0.3218359915
0.4447087849
0.1307052893
0.1212090481
-0.0390746279
0.1358606925
0.1336121067
0.0816004922
0.1209997988
0.3548282022
0.1814026293
-0.0157113410
0.1937155058
0.0976897652
-0.0659036086
0.0621390941
0.1374454642
0.4082222752
0.1556878344
0.1358141698
0.1178713876
0.0342820810
-0.0207425632
0.1284881913
0.2819179967
0.4413431243
0.3176736873
0.1485163333
0.0450572524
-0.0699440231
0.0425031029
0.0359979758
0.1027826712
0.2981369947
0.0375362945
0.2039036484
0.2067555095
-0.0940259398
0.1259576951
-0.0443135271
0.2000945358
0.1650928187
-0.0285262710
-0.0020663681
-0.0672980932
-0.2258176404
-0.1423878373
0.0134336983
0.1377761020
0.0956965619
-0.0036587235
-0.0434726423
-0.0078607522
-0.0281775645
-0.0331402411
-0.1186801850
-0.0525267226
-0.0168267379
-0.0004726560
0.0177877999
-0.0294817974
0.0050134420
0.0680460391
-0.0060715405
-0.0874840205
0.0006784953
-0.0019280709
0.0159798524
0.0545471691
0.0988978604
0.0809211435
0.0314363025
-0.0131794017
0.0029939257
0.0297887885
0.0562772363
0.0199281437
0.0271288328
0.0479408919
0.0653320511
0.0432897538
0.0338186540
-0.0074390954
-0.0264880590
0.0420810375
-0.0202173645
0.0161794831
0.0358004419
0.0023185040
0.0155505323
-0.0028581893
0.0022009377
0.0109514855
-0.0112075309
0.0001811234
0.0070152406
0.0044989568
-0.0038138670
0.0000000000
0.0000000000
0.0000000000
0.0000000000
0.0000000000
0.0000000000
0.0000000000
0.0000000000
-0.2607278500
-0.2196779015
-0.3249507516
-0.2246728334
-0.1800236824
-0.1547139825
-0.0899020181
-0.0677733024
-0.0286233012
0.0477913142
0.0678649106
0.0515096003
-0.0041427531
-0.1726798404
-0.0082836301
0.0363880074
0.1486116954
-0.0280574719
0.0369038042
-0.0276750752
-0.0102784975
-0.0486782220
0.0811589891
0.2061190640
0.0958817551
-0.0886396477
-0.0422471663
-0.0828595569
-0.1041022712
-0.1536957684
-0.0287809566
0.1049282269
0.0410176532
-0.0204236426
-0.0189482028
-0.0290726987
-0.0614317260
-0.0160681943
-0.1311734548
0.0274030948
0.0912675274
-0.1030650306
0.0467391075
0.0019105015
-0.0757323687
-0.1149496893
-0.1550022536
0.0593831280
0.0000000000
0.0000000000
0.0000000000
0.0000000000
0.0000000000
0.0000000000
0.0000000000
0.0000000000
-0.2577253627
-0.0177264156
-0.0561510271
-0.1033159440
-0.0856641353
-0.1195835589
-0.0214824746
-0.1716002128
-0.1022317127
-0.0548994793
-0.2018608790
-0.1216491499
-0.1164160383
-0.1680697644
-0.1226893729
-0.0174693197
-0.0411004506
-0.1310973377
-0.1635170392
-0.1364346754
-0.1097414077
-0.0765610302
-0.1671716575
-0.0336548892
-0.0894714593
-0.1039849330
-0.1812676030
-0.1760127278
-0.2345693607
-0.2357861479
-0.1475268535
-0.1304523943
-0.1528965891
-0.1025364339
-0.2138570146
-0.1883724998
-0.1892600648
-0.2158067515
-0.1870538960
-0.1389218940
-0.0665744873
-0.1938832495
-0.1464705280
-0.2270515609
-0.3438292116
-0.2096805325
-0.2230578233
-0.1256776501
-0.0796731584
-0.1345910933
-0.2008204481
-0.1374054810
-0.1529612389
-0.3209101159
-0.1901082033
-0.1781051080
-0.0038774478
-0.1038742732
-0.0224439361
-0.1601564089
-0.2061095706
-0.1990356228
-0.0820965711
-0.0042558529
-0.3632199810
-0.0891879024
-0.0565128452
-0.1152887215
-0.0289483505
-0.1081101027
-0.0341746489
-0.2902815590
-0.1058273178
-0.2436685063
-0.1665609135
-0.0602167049
0.0301754368
-0.1049412273
-0.1141207339
-0.0579911202
-0.1960097613
-0.0616374278
-0.2088093300
-0.1736930900
-0.1508390743
-0.0694278519
-0.1064133047
-0.2753520981
-0.2353909893
-0.1978238370
-0.2041239577
-0.3185845168
-0.2548863655
-0.1735725726
-0.2944150584
-0.1853815274
-0.2070307131
-0.1303191148
-0.2876944604
-0.3122796721
-0.3706824269
-0.3325216298
-0.3419207052
-0.3233561202
-0.2160592738
-0.3011400727
-0.2227336941
-0.2774745698
-0.2131089549
-0.3405869940
-0.3176657101
-0.1851630318
-0.3433917641
-0.2967959940
-0.2953456430
-0.1254910192
-0.2504946670
-0.4173701719
-0.3599511501
-0.3257194810
-0.2552871711
-0.4065338938
-0.1770679561
-0.2947645005
-0.3341440406
-0.1936023207
-0.0662453578
-0.2792487786
-0.0696473122
0.0190194182
0.0653768859
0.1861869354
0.1419110033
0.0928434160
0.0277741768
-0.0624816706
-0.1115197083
-0.0642819994
-0.2161484257
-0.2261094026
-0.2223227898
-0.1833933031
-0.1337800397
-0.0356012431
-0.0728530999
-0.1700479431
-0.1578872425
-0.1337631383
-0.1093039155
-0.1043621291
-0.0836085298
-0.1260514283
-0.1307693393
-0.0076960098
-0.1264189066
-0.1095101014
-0.1851543876
-0.1295539034
-0.0999003491
-0.1320574184
-0.0763756454
-0.0707141633
-0.1657202036
-0.1290211251
-0.0790282009
-0.1127248044
-0.0933613769
-0.2278607064
-0.1982487534
-0.2435813526
-0.2547643773
-0.1581801242
-0.2595580410
-0.2336574566
-0.3746241695
-0.3211763729
-0.2779985871
-0.4192784276
-0.2710500775
-0.3088568790
-0.3155122608
-0.3025201505
-0.3398493587
-0.2949313010
-0.2965833463
-0.3489408191
-0.4220836826
-0.3698096569
-0.3519320066
-0.3194540765
-0.2896854369
-0.3025635104
-0.1667291479
-0.0664326080
-0.0820737570
-0.0318437033
-0.0911649827
-0.0453116679
-0.0830150148
-0.3694625432
-0.1483503566
-0.1561951655
-0.0669204116
0.0095851976
-0.0622752096
-0.1277609785
-0.2076095781
-0.2788537927
-0.1370272745
0.0077515324
-0.0866198884
-0.0518228422
0.0170484702
-0.0217841976
-0.1517249078
-0.2332640123
-0.1250402874
-0.1500277879
-0.0912798717
-0.1040254745
-0.1060218403
-0.0850127476
-0.1506212534
-0.2731289613
-0.2287209498
-0.0784990359
-0.2064241703
-0.3128764655
-0.2195150240
-0.1973152531
-0.2156385253
-0.3703579057
-0.2468747936
-0.3094772161
-0.2527917973
-0.2336021323
-0.1642378000
-0.2219436617
-0.1174462752
-0.3050788417
-0.1693492146
-0.2847388793
-0.2819516962
-0.2594496512
-0.2277978527
-0.4356887772
-0.4692757141
-0.1943877265
-0.1309763280
-0.3003501704
-0.3203462235
-0.2587736251
-0.3990826288
-0.2297720021
-0.1418581228
-0.1523771287
0.0086685428
-0.0234011052
-0.0122704831
-0.0112247971
-0.0127380910
-0.0103705412
-0.0131946248
-0.0049446257
0.0046769437
-0.0028981204
-0.0408457526
-0.0100794671
0.0235762769
-0.0151016993
-0.0007476530
-0.0077643072
0.0034313781
0.0370409325
0.0090770970
-0.0467890032
-0.0247413058
-0.0157907581
0.0328239287
-0.0052664642
0.0494080064
0.0459460887
-0.0041691457
-0.0135605562
-0.0236028513
-0.0321067995
0.0437037510
0.0343923087
0.0242899540
0.0273626817
0.0371127560
-0.0609002980
0.0029064791
0.0862365803
0.1128960766
0.0980660177
0.0060776413
0.0572426176
0.0430123752
0.0742004866
0.1705808837
0.0696549691
0.0702030784
0.1221325346
-0.0098230868
-0.0002849403
-0.0390336624
0.0486954990
0.0506350953
-0.0953161432
-0.1324511209
0.0267652198
0.0146898536
-0.0244834120
-0.0356784310
0.1627376718
-0.0823058702
0.1488319297
-0.0624931636
0.0307127746
0.0095313037
0.0068980224
-0.0043732380
0.0188401503
0.0387446854
-0.0266476441
1.3890107709
-1.3797504559
0.0000000000
0.0000000000
0.0000000000
0.0000000000
0.0000000000
0.0000000000
0.0000000000
0.0000000000
0.4340872810
0.4130979915
0.3568981856
0.1170803516
0.2368006691
0.4286367526
0.4508826808
0.4174802381
0.4815571259
0.4620049919
0.4145120554
0.3085257457
0.3337480729
0.4378145404
0.5082319989
0.4643982758
0.5002389373
0.4399679279
0.4130662680
0.3880909211
0.3646288921
0.3851449429
0.4378255313
0.3916155034
0.4717286008
0.5044730965
0.6049321208
0.4068422158
0.4202163817
0.5185481087
0.3871119416
0.4710383983
0.7023717287
0.6380614432
0.6081214239
0.4615052068
0.5319575811
0.4317021939
0.4992460596
0.5847614903
0.7043194902
0.5537442951
0.6819165725
0.5385507545
0.5557138550
0.4080593369
0.4797940553
0.5390931811
0.0000000000
0.0000000000
0.0000000000
0.0000000000
0.0000000000
0.0000000000
0.0000000000
0.0000000000
-0.0113129685
0.3707603782
0.0836480942
0.1445578462
0.1702190673
0.1563925823
0.3541200662
-0.0274064817
0.1048402810
0.0927414117
0.0755188271
0.2425324796
0.1752879068
0.1925500984
0.1494359786
0.1693499131
0.2695125524
0.0492483897
0.1763412321
0.1010844687
0.0816976628
0.1971209657
0.0932653120
0.2811465245
0.2109945967
0.2048949843
0.1791296100
0.1965318028
0.3162424163
0.0927807247
0.1869044371
0.1999663922
0.1241776234
0.2515170031
0.1687942751
0.1437429931
0.1200802147
0.1154887631
0.1906116562
0.1313592435
0.0587347113
0.1302468174
0.1369200543
0.0268284545
0.0710849308
0.0709496728
0.2174791081
0.1127019554
0.1328579648
0.1159157619
0.2631718990
0.1723672231
0.1076506283
0.1975941492
0.1016110741
0.1125664093
0.1992907789
0.0377656838
0.1371453573
0.1272082672
0.0745758630
0.0545045900
0.0264565273
0.1679435384
0.1225220317
0.1160239960
0.2534184372
0.1699407332
0.2001869913
0.2543764618
0.0690982163
0.0808158254
0.0917420628
-0.0396333704
-0.0771521878
0.1894970692
0.0503634795
0.2243573461
0.1694339592
0.0262379648
0.1056307947
0.1541025691
0.0476835215
0.0414281497
0.0360973255
0.1233265258
0.2420271929
0.2896028383
0.1556682731
0.1476347293
0.0756660185
-0.0176203818
-0.0496259532
-0.0432664257
0.1886118436
0.1430351271
0.1700692447
0.0763527712
0.1424084837
-0.0047472401
0.0488766867
0.1230507463
0.0642352070
0.1442084180
0.1388150452
0.1827995388
0.1719302318
0.1082902350
0.0845313764
0.0926172706
0.0930014862
0.1076051773
0.0537392781
0.0186615467
0.2290932654
0.0976983464
0.0727543654
0.0508766509
0.0313934342
0.1162666864
0.1888375601
0.0615223724
0.1219511438
0.0663992950
0.1347937310
0.0298900831
0.0553095575
0.1607036403
0.3051690488
0.3361310853
0.1581702156
0.2638593858
0.3150230724
0.3264395493
0.3173694438
0.3206554331
0.3532670832
0.2337000649
0.2796965611
0.3501615067
0.3036771924
0.2457569190
0.2699918168
0.2088461976
0.1313401835
0.3493796830
0.2718930341
0.2209211807
0.2666740050
0.2914602643
0.3062593784
0.1673232634
0.2310228761
0.2513852860
0.2833914770
0.2085468354
0.1691791230
0.2226241443
0.2324348748
0.2274541535
0.2902222852
0.3427738443
0.2663354468
0.1778176140
0.1044738726
0.1806075148
0.1225510586
0.1849488490
0.2633781203
0.2387183947
0.1713095048
0.1618643038
0.1709548096
0.1152752599
0.1628857127
0.2156779065
0.3098095620
0.3559339403
0.3368838866
0.1939676855
0.2518716118
0.3226420541
0.2913007471
0.2164036358
0.3118155499
0.1792029807
0.1569456233
0.0620228569
0.0719341020
0.0492627174
0.0715470829
0.2251628502
0.2235301981
0.2321086340
0.1397899578
0.5637105839
0.3386462205
0.2522510189
0.0931329397
0.0985242228
0.1193116207
0.2028209657
0.3037253777
0.2317914366
0.2247069797
0.2085956899
0.3270182413
0.1314335750
0.1731695622
0.2529538530
0.2081781315
0.1288282752
0.2418332282
0.2583823765
0.3804195149
0.2290837513
0.1389818905
0.1570033991
0.1304411719
0.1168084690
0.0052117607
0.1782633391
0.1900409797
0.2165802341
0.1103026494
0.0996597909
0.0026128650
-0.1052162813
-0.0736566190
0.0772390604
0.2210992203
0.1903065822
0.1418105806
0.0948080607
0.0230014063
0.0228769670
-0.0442824085
0.0642628299
0.1430985947
0.2483724382
0.0284795055
0.1120304141
0.0825530853
0.0443735881
0.0932591321
0.0746456822
0.1758516883
0.2014379432
0.2769325913
0.2696806163
0.0921268005
0.0740941407
0.0840800925
0.1537411665
0.2489013751
0.2240376309
-0.0480475944
-0.0604342065
-0.0586609747
-0.0192311931
-0.2164261434
-0.0941410791
-0.2172083550
-0.2968909802
-0.0134186725
-0.1242690779
-0.0462549395
-0.0037007472
-0.0938704680
-0.1681995458
-0.2746111426
-0.1808864813
-0.0317285186
-0.1039605579
-0.0547334579
-0.1129888076
-0.1373813772
-0.0864046257
-0.0916433595
0.0640845911
0.0491924028
0.0118149675
-0.0786040942
-0.0623277663
-0.0476674542
-0.0973040927
-0.2600064448
0.0135371674
0.0363950282
0.0096765681
0.1270110098
0.0831995961
0.1901269380
0.0629477543
-0.0244668275
0.0252579335
0.0792844166
0.1281469297
0.0820486233
0.0080350609
0.1779414466
0.1842496513
0.1996096565
0.1775276245
-0.0745325967
-0.0729678578
0.1126786698
-0.0873505434
0.0445997010
0.1748347793
0.0576222651
0.0606990981
-0.0225847480
0.0145700034
0.0113135811
-0.0386271294
0.0044651579
0.0371501065
0.0340515224
-0.0236338371
0.0000000000
0.0000000000
0.0000000000
0.0000000000
0.0000000000
0.0000000000
0.0000000000
0.0000000000
-0.6864039566
-0.5577759838
-0.5767464571
-0.4843369815
-0.4025868285
-0.3507304869
-0.3299018690
-0.3519193836
-0.3610998635
-0.4551384894
-0.4104274903
-0.3211636267
-0.3513314975
-0.3173201539
-0.3894534023
-0.4648815830
-0.3718617963
-0.3295789443
-0.3596869412
-0.2498284411
-0.2814209027
-0.2861528935
-0.2599300892
-0.3000750901
-0.2500105736
-0.1798496740
-0.1206391969
-0.2516307117
-0.2275994761
-0.1055314402
-0.1740209592
-0.2975065654
-0.2618148979
-0.2575888821
-0.2933394326
-0.3106504054
-0.2820169661
-0.2934119563
-0.2101438232
-0.2943234761
-0.2480464578
-0.1527281627
-0.2327958864
-0.1126715680
-0.2017939637
-0.1696765099
-0.2221071350
-0.2071480089
0.0000000000
0.0000000000
0.0000000000
0.0000000000
0.0000000000
0.0000000000
0.0000000000
0.0000000000
-0.1469748135
-0.0371322639
-0.0881016911
-0.0749882513
-0.1031439289
-0.0953810471
-0.0358984984
-0.0527092251
-0.1261536451
-0.1233812886
-0.0771022932
-0.1383531981
-0.0066329277
-0.0753440333
-0.1533319587
-0.0289525649
-0.0499251461
-0.0799425794
-0.1243455012
-0.1639462381
-0.1143427036
-0.0364303469
-0.0542012424
0.0100016993
-0.1205232254
-0.1615990179
-0.1291109343
-0.1163836139
-0.0321743550
0.0082968267
-0.2419447661
-0.1304345933
-0.1304033158
-0.0369584599
-0.1306419025
-0.1687312319
-0.1487846642
-0.1226688569
-0.1822051221
-0.1091496101
-0.3147050257
-0.2035253334
-0.3163228171
-0.2401377383
-0.1794840435
-0.2771636148
-0.1458341730
-0.2369601522
-0.1628708634
-0.1094828518
-0.1311990713
-0.2269548351
-0.1345650446
-0.1490939196
-0.1155223782
-0.1687229822
0.0174503000
-0.2264641007
-0.1385998971
-0.1746878697
-0.2340992608
-0.1440843188
-0.3096375906
0.0093755454
-0.2045998147
-0.1214453811
-0.1281252513
-0.1696245389
-0.0386076023
-0.0748036831
-0.0707619404
-0.1643185706
-0.1972694538
-0.1956459983
-0.1459535263
-0.0976198763
-0.0988450468
-0.0604154063
-0.0851136346
-0.0881272435
-0.1021789649
-0.1102837123
-0.0009510604
-0.0373401490
-0.1234027719
-0.0893322364
-0.0929046164
-0.0854604080
-0.1866482298
-0.1339063348
-0.1494965543
0.0064585447
-0.0938426561
-0.1399481056
-0.0304391259
-0.0330728547
-0.1227080916
-0.2264910109
0.0108800456
-0.1179446884
0.0788131018
-0.0044951152
-0.1271687817
0.0239873041
-0.0774419900
-0.0516921058
-0.1586988351
-0.1660707729
-0.1410670772
-0.1719830353
-0.2373519976
-0.1490967585
-0.1040114341
-0.0640742602
-0.1046081645
-0.3322767798
-0.2324272476
-0.1414857929
-0.1907846389
-0.0735192637
-0.1407803522
-0.1955204733
-0.2528637349
-0.2083275786
-0.1642888409
-0.3771592851
-0.0673433330
-0.1190286542
-0.2062786110
-0.0892158018
-0.0933852450
-0.0206348277
0.0327798114
-0.1189470380
-0.0933854844
-0.1126926622
-0.0767645651
-0.0180745975
-0.1353826446
-0.2381114817
-0.1558101795
-0.1475733365
-0.2109177327
-0.1509726847
-0.0929401543
-0.2244517233
-0.2164709398
-0.0862400124
-0.1197150275
-0.1426130520
-0.0948803804
-0.2318817790
-0.3040329204
-0.1023587331
-0.2002939751
-0.1578396451
-0.1147137481
-0.1784473589
-0.2221826150
-0.1716376214
-0.1822010733
-0.2288339082
-0.2006786492
-0.1618426050
-0.2166115157
-0.1514388359
-0.1468056368
-0.1327009624
-0.2122829969
-0.1997160614
-0.3204862553
-0.3550287680
-0.2613718621
-0.2891509861
-0.2195308546
-0.1780035463
-0.2222211090
-0.2784385548
-0.3299180513
-0.2029477308
-0.2492787209
-0.2177090243
-0.2289871765
-0.1746264803
-0.2474282868
-0.1319521663
0.0009806476
-0.1136519806
-0.1154625682
-0.2607699242
-0.0944930933
-0.1948244995
-0.1568378025
-0.1509622861
-0.1741228417
-0.1384394085
-0.0955695348
-0.1105915985
-0.1052977401
-0.3205823341
-0.0196565783
-0.0215483704
-0.0495478215
-0.0595015823
-0.0846036958
-0.1018411448
-0.1370334011
-0.1733600564
-0.0797050240
-0.0406671883
-0.0832139163
-0.0369737640
-0.0019612646
-0.1681563046
-0.1528400769
-0.2250911314
-0.1627718375
-0.1316477972
-0.0526378255
0.0337451011
-0.0087907391
-0.0427493625
-0.2226655670
-0.0463324758
-0.0932519079
-0.1351635158
-0.1476999338
-0.0962787503
-0.1306234547
-0.0829642999
-0.2908850959
-0.2256290918
-0.1416377792
-0.1093482605
-0.2207700462
-0.2097659156
-0.4097051430
-0.3334305895
-0.3227936379
-0.2006367013
-0.0722968510
-0.2742858554
-0.1514226955
-0.2396246179
-0.3611323629
-0.2413160313
-0.2649052915
-0.0734011650
-0.1548590371
-0.1686859494
-0.1658711584
-0.5372220649
-0.1309055182
-0.2314659422
-0.1095683997
-0.0938227518
0.0424979870
-0.0986428180
-0.0513712843
-0.0262320692
-0.0720176765
-0.0555056212
-0.0491866668
-0.0054741631
-0.0477638784
-0.0537899917
-0.1375873439
-0.0681678045
-0.0375412025
-0.1663891680
-0.0280145315
-0.0885559852
-0.0992543393
-0.0230855238
-0.1099859885
-0.1300538417
-0.1838181306
-0.1350926327
-0.0538940424
-0.1341221148
-0.0163547759
0.0880829379
-0.1053086169
-0.0560747307
-0.1170731163
-0.1866025160
-0.0738654915
-0.0605342616
-0.0487792989
-0.0145696637
-0.0273399971
-0.1438291418
-0.1086313647
0.0123640053
-0.0466449324
0.0388891036
-0.0469987286
0.0551624363
-0.0192757543
-0.0106113912
-0.1163152000
-0.0630995033
0.0471751899
-0.0606889562
0.0650632616
0.1343785916
0.0802321268
0.0742271436
0.0653618837
0.1100000462
0.2228042228
0.0567332478
0.0288338594
0.2401225738
0.1049872957
0.0761535194
0.2479897800
0.0056365243
0.0722349679
0.1461201080
0.0549850664
-0.0488265524
0.1416382169
-0.1183667537
0.0074219454
0.0120780048
0.6936052325
-0.6671363162
